probe_index,sensor_id,task_name,old_top1_choice,new_top1_choice,top1_changed,old_sampled_choice,new_sampled_choice,sampled_changed,old_top1_prob,new_top1_prob,top1_prob_delta,decision_kl,decision_l1,old_local_prob,new_local_prob,old_BS1_prob,new_BS1_prob,old_BS2_prob,new_BS2_prob
0,S1,LatCrit,local,local,0,local,local,0,0.5665794014930725,0.5430775880813599,-0.023501813411712646,0.0021737199276685715,0.05211015045642853,0.5665794014930725,0.5430775880813599,0.24600796401500702,0.243454709649086,0.18741264939308167,0.21346773207187653
0,S1,ComHvy,local,local,0,BS1,BS1,0,0.47900670766830444,0.5158289074897766,0.03682219982147217,0.004921369254589081,0.0805044025182724,0.47900670766830444,0.5158289074897766,0.26574960350990295,0.2691796123981476,0.2552436888217926,0.214991495013237
0,S1,BWHvy,local,local,0,BS1,BS1,0,0.44018614292144775,0.4090368151664734,-0.031149327754974365,0.0020714998245239258,0.06229862570762634,0.44018614292144775,0.4090368151664734,0.2774166166782379,0.287899374961853,0.28239724040031433,0.3030637800693512
0,S2,LatCrit,local,local,0,BS2,BS2,0,0.45177173614501953,0.511985182762146,0.060213446617126465,0.007380910217761993,0.12042684853076935,0.45177173614501953,0.511985182762146,0.22046257555484772,0.19121715426445007,0.32776567339897156,0.2967976927757263
0,S2,ComHvy,local,local,0,local,local,0,0.4919833540916443,0.5399453639984131,0.0479620099067688,0.005072779953479767,0.09592404961585999,0.4919833540916443,0.5399453639984131,0.27857840061187744,0.2425215244293213,0.22943824529647827,0.21753308176994324
0,S2,BWHvy,local,local,0,BS1,BS1,0,0.4335949420928955,0.41846662759780884,-0.01512831449508667,0.0026686005294322968,0.06618931889533997,0.4335949420928955,0.41846662759780884,0.28535595536231995,0.2673896253108978,0.28104910254478455,0.3141437768936157
0,S3,LatCrit,local,local,0,local,local,0,0.49777764081954956,0.4889345169067383,-0.00884312391281128,0.008080348372459412,0.09797896444797516,0.49777764081954956,0.4889345169067383,0.28269150853157043,0.3316809833049774,0.2195308655500412,0.1793844997882843
0,S3,ComHvy,local,local,0,local,local,0,0.43818533420562744,0.43251609802246094,-0.005669236183166504,0.010594073683023453,0.1140270084142685,0.43818533420562744,0.43251609802246094,0.33657553791999817,0.28523126244544983,0.22523914277553558,0.28225263953208923
0,S3,BWHvy,local,local,0,local,local,0,0.5034828186035156,0.4552372694015503,-0.04824554920196533,0.005505591630935669,0.09649112820625305,0.5034828186035156,0.4552372694015503,0.25193601846694946,0.260648638010025,0.24458113312721252,0.2841140925884247
0,S4,LatCrit,local,local,0,local,local,0,0.570965051651001,0.5676960945129395,-0.0032689571380615234,4.428514512255788e-05,0.007855534553527832,0.570965051651001,0.5676960945129395,0.22514347732067108,0.2290712594985962,0.20389147102832794,0.20323267579078674
0,S4,ComHvy,local,local,0,local,local,0,0.4047064781188965,0.42400580644607544,0.019299328327178955,0.0013305338798090816,0.04131203889846802,0.4047064781188965,0.42400580644607544,0.2557995617389679,0.2351435422897339,0.3394939601421356,0.3408506512641907
0,S4,BWHvy,local,local,0,local,local,0,0.574704647064209,0.5711519718170166,-0.003552675247192383,0.0028391070663928986,0.05238775908946991,0.574704647064209,0.5711519718170166,0.1889764815568924,0.16633524000644684,0.2363189309835434,0.26251277327537537
0,S5,LatCrit,local,local,0,BS1,BS2,1,0.4066697359085083,0.42835843563079834,0.02168869972229004,0.0035562822595238686,0.07299156486988068,0.4066697359085083,0.42835843563079834,0.27460265159606934,0.2381068617105484,0.31872764229774475,0.33353471755981445
0,S5,ComHvy,local,local,0,local,local,0,0.6047173738479614,0.6108629107475281,0.00614553689956665,0.00474553182721138,0.06150563806295395,0.6047173738479614,0.6108629107475281,0.15460607409477234,0.12385324388742447,0.24067658185958862,0.26528385281562805
0,S5,BWHvy,local,local,0,local,local,0,0.5247157216072083,0.49360430240631104,-0.031111419200897217,0.003735596314072609,0.07585121691226959,0.5247157216072083,0.49360430240631104,0.24410602450370789,0.2820316255092621,0.23117826879024506,0.22436407208442688
0,S6,LatCrit,local,local,0,local,local,0,0.6457000374794006,0.6186380386352539,-0.02706199884414673,0.0017378218472003937,0.05412396788597107,0.6457000374794006,0.6186380386352539,0.1919669657945633,0.20072393119335175,0.16233299672603607,0.18063800036907196
0,S6,ComHvy,local,local,0,local,local,0,0.6547144651412964,0.6142783164978027,-0.04043614864349365,0.0036547770723700523,0.08087226748466492,0.6547144651412964,0.6142783164978027,0.16488704085350037,0.18996277451515198,0.18039852380752563,0.1957589089870453
0,S6,BWHvy,local,BS1,1,local,local,0,0.4222702383995056,0.3943530023097992,-0.02791723608970642,0.006985010113567114,0.10438735783100128,0.4222702383995056,0.371179461479187,0.34215930104255676,0.3943530023097992,0.23557044565677643,0.23446756601333618
0,S7,LatCrit,local,local,0,local,local,0,0.47567087411880493,0.5466293692588806,0.07095849514007568,0.014047947712242603,0.14191703498363495,0.47567087411880493,0.5466293692588806,0.24805736541748047,0.1869460493326187,0.276271790266037,0.2664245665073395
0,S7,ComHvy,local,local,0,local,local,0,0.620525598526001,0.636033296585083,0.015507698059082031,0.0005451152101159096,0.03101538121700287,0.620525598526001,0.636033296585083,0.18580204248428345,0.17596948146820068,0.19367235898971558,0.1879972368478775
0,S7,BWHvy,local,local,0,BS1,BS1,0,0.5053395628929138,0.49828916788101196,-0.0070503950119018555,0.0014392482116818428,0.04367333650588989,0.5053395628929138,0.49828916788101196,0.23693150281906128,0.25876814126968384,0.2577289640903473,0.2429426610469818
0,S8,LatCrit,local,local,0,BS1,local,1,0.4573547840118408,0.47988611459732056,0.022531330585479736,0.0018199777696281672,0.05164805054664612,0.4573547840118408,0.47988611459732056,0.2815641462802887,0.25574013590812683,0.2610810697078705,0.264373779296875
0,S8,ComHvy,local,local,0,local,local,0,0.6456853151321411,0.6840468049049377,0.03836148977279663,0.0033387355506420135,0.07672297954559326,0.6456853151321411,0.6840468049049377,0.1999463140964508,0.17888112366199493,0.1543683558702469,0.13707205653190613
0,S8,BWHvy,local,local,0,local,local,0,0.5905280113220215,0.5603565573692322,-0.030171453952789307,0.002226373180747032,0.060342937707901,0.5905280113220215,0.5603565573692322,0.19133126735687256,0.1961447149515152,0.21814067661762238,0.24349871277809143
1,S1,LatCrit,local,local,0,local,local,0,0.5326745510101318,0.5086619853973389,-0.02401256561279297,0.0019589103758335114,0.05166064202785492,0.5326745510101318,0.5086619853973389,0.24509134888648987,0.24327360093593597,0.2222340703010559,0.24806439876556396
1,S1,ComHvy,local,local,0,local,local,0,0.4749487638473511,0.4881221055984497,0.013173341751098633,0.0004734541871584952,0.026346683502197266,0.4749487638473511,0.4881221055984497,0.2717779278755188,0.2593534588813782,0.2532733082771301,0.2525244355201721
1,S1,BWHvy,local,local,0,local,local,0,0.37988245487213135,0.3727588653564453,-0.007123589515686035,0.00026109255850315094,0.021425724029541016,0.37988245487213135,0.3727588653564453,0.32809773087501526,0.3388105630874634,0.2920198440551758,0.2884305417537689
1,S2,LatCrit,local,local,0,local,local,0,0.5108783841133118,0.5178489685058594,0.006970584392547607,0.0011292854323983192,0.03731660544872284,0.5108783841133118,0.5178489685058594,0.2211167961359024,0.20245850086212158,0.268004834651947,0.27969256043434143
1,S2,ComHvy,local,local,0,local,local,0,0.5488644242286682,0.5160380005836487,-0.03282642364501953,0.00275478046387434,0.06565280258655548,0.5488644242286682,0.5160380005836487,0.25142917037010193,0.2819904386997223,0.19970643520355225,0.20197154581546783
1,S2,BWHvy,local,local,0,local,local,0,0.47358816862106323,0.4867015480995178,0.01311337947845459,0.0006212901789695024,0.03096689283847809,0.47358816862106323,0.4867015480995178,0.28825101256370544,0.272767573595047,0.23816080391407013,0.24053087830543518
1,S3,LatCrit,local,local,0,BS1,local,1,0.46389877796173096,0.4888465404510498,0.024947762489318848,0.0012556854635477066,0.049895524978637695,0.46389877796173096,0.4888465404510498,0.2575257122516632,0.24407199025154114,0.27857550978660583,0.26708146929740906
1,S3,ComHvy,local,local,0,BS1,local,1,0.42379266023635864,0.4554902911186218,0.031697630882263184,0.0028289631009101868,0.06339521706104279,0.42379266023635864,0.4554902911186218,0.35395708680152893,0.3482796549797058,0.22225023806095123,0.19623008370399475
1,S3,BWHvy,local,local,0,local,local,0,0.5698080062866211,0.5700562596321106,0.00024825334548950195,0.00026022689417004585,0.015206366777420044,0.5698080062866211,0.5700562596321106,0.22560295462608337,0.21799978613853455,0.20458902418613434,0.21194396913051605
1,S4,LatCrit,local,local,0,local,local,0,0.5917126536369324,0.6247825622558594,0.033069908618927,0.0023085083812475204,0.06613974273204803,0.5917126536369324,0.6247825622558594,0.1968429535627365,0.1813608855009079,0.21144437789916992,0.1938566118478775
1,S4,ComHvy,local,local,0,local,local,0,0.47879183292388916,0.49501562118530273,0.016223788261413574,0.0013396237045526505,0.043216392397880554,0.47879183292388916,0.49501562118530273,0.2776487469673157,0.283033162355423,0.24355942010879517,0.22195123136043549
1,S4,BWHvy,local,local,0,BS2,BS2,0,0.5754972696304321,0.5672780275344849,-0.008219242095947266,0.001773100346326828,0.04660025238990784,0.5754972696304321,0.5672780275344849,0.18046483397483826,0.1653839498758316,0.24403788149356842,0.26733800768852234
1,S5,LatCrit,local,local,0,local,BS2,1,0.4426851272583008,0.38966047763824463,-0.05302464962005615,0.005960473790764809,0.1060492992401123,0.4426851272583008,0.38966047763824463,0.3086756765842438,0.3446597456932068,0.24863919615745544,0.2656797766685486
1,S5,ComHvy,local,local,0,local,local,0,0.5952144861221313,0.6018441915512085,0.0066297054290771484,0.00018922507297247648,0.015580594539642334,0.5952144861221313,0.6018441915512085,0.20861870050430298,0.200828418135643,0.19616679847240448,0.1973274052143097
1,S5,BWHvy,local,local,0,local,local,0,0.6261216402053833,0.6499440670013428,0.023822426795959473,0.0016504228115081787,0.047644779086112976,0.6261216402053833,0.6499440670013428,0.19190827012062073,0.1879199892282486,0.18197005987167358,0.1621359884738922
1,S6,LatCrit,local,local,0,local,BS1,1,0.5383076667785645,0.5069707632064819,-0.03133690357208252,0.0031624685507267714,0.06765472888946533,0.5383076667785645,0.5069707632064819,0.23783370852470398,0.27166107296943665,0.22385860979557037,0.22136814892292023
1,S6,ComHvy,local,local,0,local,local,0,0.6579002141952515,0.6443148851394653,-0.013585329055786133,0.0007459903135895729,0.03213280439376831,0.6579002141952515,0.6443148851394653,0.13017316162586212,0.1276921033859253,0.21192660927772522,0.22799302637577057
1,S6,BWHvy,local,local,0,local,local,0,0.5179550647735596,0.5485073924064636,0.030552327632904053,0.0035475417971611023,0.0672341138124466,0.5179550647735596,0.5485073924064636,0.24704274535179138,0.2501074969768524,0.23500216007232666,0.20138512551784515
1,S7,LatCrit,local,local,0,local,local,0,0.506231427192688,0.539050281047821,0.03281885385513306,0.002469397149980068,0.06563766300678253,0.506231427192688,0.539050281047821,0.23831579089164734,0.21435029804706573,0.2554527521133423,0.24659943580627441
1,S7,ComHvy,local,local,0,local,local,0,0.5839436054229736,0.5710233449935913,-0.012920260429382324,0.0009098481386899948,0.0344662219285965,0.5839436054229736,0.5710233449935913,0.22188225388526917,0.21756941080093384,0.1941741406917572,0.21140725910663605
1,S7,BWHvy,local,local,0,local,local,0,0.5824135541915894,0.5509963035583496,-0.031417250633239746,0.002016782760620117,0.06283445656299591,0.5824135541915894,0.5509963035583496,0.1967099905014038,0.21320027112960815,0.22087645530700684,0.23580338060855865
1,S8,LatCrit,local,local,0,BS2,BS2,0,0.5627511739730835,0.5483936071395874,-0.014357566833496094,0.0025573503226041794,0.05902700126171112,0.5627511739730835,0.5483936071395874,0.2167624533176422,0.20160649716854095,0.2204863578081131,0.24999983608722687
1,S8,ComHvy,local,local,0,local,local,0,0.5416863560676575,0.5195760726928711,-0.022110283374786377,0.0010950369760394096,0.044220611453056335,0.5416863560676575,0.5195760726928711,0.24532030522823334,0.26250210404396057,0.2129933387041092,0.21792186796665192
1,S8,BWHvy,local,local,0,local,local,0,0.5088984966278076,0.5211464166641235,0.012247920036315918,0.0008318889886140823,0.035702288150787354,0.5088984966278076,0.5211464166641235,0.22087550163269043,0.2264787256717682,0.27022600173950195,0.2523748576641083
2,S1,LatCrit,local,local,0,local,local,0,0.5672398209571838,0.5644481182098389,-0.0027917027473449707,7.88271427154541e-05,0.010049745440483093,0.5672398209571838,0.5644481182098389,0.22920097410678864,0.22696782648563385,0.20355919003486633,0.20858408510684967
2,S1,ComHvy,local,local,0,local,local,0,0.4826657772064209,0.5011628866195679,0.018497109413146973,0.0017376458272337914,0.051693275570869446,0.4826657772064209,0.5011628866195679,0.2780136466026306,0.2521670460700989,0.2393205612897873,0.24667012691497803
2,S1,BWHvy,local,local,0,local,local,0,0.4779961109161377,0.4903498888015747,0.012353777885437012,0.0003431783989071846,0.02470758557319641,0.4779961109161377,0.4903498888015747,0.2555437982082367,0.25255662202835083,0.2664600908756256,0.2570934593677521
2,S2,LatCrit,local,local,0,local,local,0,0.49120408296585083,0.47833168506622314,-0.012872397899627686,0.0007039327174425125,0.0326460599899292,0.49120408296585083,0.47833168506622314,0.25787481665611267,0.25442418456077576,0.2509211301803589,0.2672441601753235
2,S2,ComHvy,local,local,0,local,local,0,0.5216230154037476,0.48472076654434204,-0.03690224885940552,0.0033460361883044243,0.07380451261997223,0.5216230154037476,0.48472076654434204,0.24594862759113312,0.27802857756614685,0.23242834210395813,0.2372506558895111
2,S2,BWHvy,local,local,0,local,local,0,0.4855741858482361,0.4818817377090454,-0.003692448139190674,0.00013796426355838776,0.013726964592933655,0.4855741858482361,0.4818817377090454,0.29870206117630005,0.2955310344696045,0.21572375297546387,0.2225872427225113
2,S3,LatCrit,local,local,0,BS2,BS1,1,0.4571778178215027,0.4725836515426636,0.015405833721160889,0.006292946636676788,0.09456655383110046,0.4571778178215027,0.4725836515426636,0.23533186316490173,0.26720932126045227,0.3074902892112732,0.26020702719688416
2,S3,ComHvy,BS1,BS1,0,BS1,BS1,0,0.45665091276168823,0.4888705313205719,0.03221961855888367,0.003292569424957037,0.07168398797512054,0.31908583641052246,0.2832438349723816,0.45665091276168823,0.4888705313205719,0.2242632806301117,0.2278856486082077
2,S3,BWHvy,local,local,0,local,local,0,0.5784710645675659,0.5291246175765991,-0.0493464469909668,0.004940703511238098,0.0986928790807724,0.5784710645675659,0.5291246175765991,0.22103852033615112,0.24957174062728882,0.20049044489860535,0.22130365669727325
2,S4,LatCrit,local,local,0,local,local,0,0.5196759700775146,0.5177260637283325,-0.001949906349182129,9.00391023606062e-06,0.0038998275995254517,0.5196759700775146,0.5177260637283325,0.2244413197040558,0.2247747927904129,0.25588271021842957,0.25749915838241577
2,S4,ComHvy,local,local,0,local,local,0,0.4472404718399048,0.4864647388458252,0.03922426700592041,0.0036055557429790497,0.07844850420951843,0.4472404718399048,0.4864647388458252,0.2346721738576889,0.22905902564525604,0.31808730959892273,0.28447622060775757
2,S4,BWHvy,local,local,0,local,local,0,0.503371000289917,0.44675153493881226,-0.056619465351104736,0.008817821741104126,0.11323896050453186,0.503371000289917,0.44675153493881226,0.2583670914173126,0.2608066201210022,0.238261878490448,0.29244184494018555
2,S5,LatCrit,local,local,0,local,local,0,0.638850212097168,0.6048694252967834,-0.03398078680038452,0.0024642404168844223,0.06796152889728546,0.638850212097168,0.6048694252967834,0.20406872034072876,0.22109770774841309,0.15708109736442566,0.17403285205364227
2,S5,ComHvy,local,local,0,local,local,0,0.4566804766654968,0.42217952013015747,-0.034500956535339355,0.004693314433097839,0.08259217441082001,0.4566804766654968,0.42217952013015747,0.30765384435653687,0.3008587062358856,0.23566566407680511,0.2769617438316345
2,S5,BWHvy,local,local,0,local,local,0,0.47905218601226807,0.4581105709075928,-0.020941615104675293,0.004611324518918991,0.08560021221637726,0.47905218601226807,0.4581105709075928,0.2612238824367523,0.30402398109436035,0.2597239315509796,0.23786543309688568
2,S6,LatCrit,local,local,0,local,BS1,1,0.3865141272544861,0.35087645053863525,-0.03563767671585083,0.003998116124421358,0.07509493827819824,0.3865141272544861,0.35087645053863525,0.28977659344673157,0.3273240327835083,0.3237093389034271,0.32179951667785645
2,S6,ComHvy,local,local,0,local,local,0,0.561360239982605,0.5575194954872131,-0.0038407444953918457,0.0018103048205375671,0.0436318963766098,0.561360239982605,0.5575194954872131,0.2184021919965744,0.20042698085308075,0.2202375829219818,0.24205352365970612
2,S6,BWHvy,local,local,0,local,local,0,0.4983697533607483,0.5322983264923096,0.03392857313156128,0.00700276717543602,0.09775486588478088,0.4983697533607483,0.5322983264923096,0.24999704957008362,0.264945924282074,0.2516331970691681,0.20275577902793884
2,S7,LatCrit,local,local,0,local,local,0,0.48470771312713623,0.4784064292907715,-0.006301283836364746,0.0007333420217037201,0.03217390179634094,0.48470771312713623,0.4784064292907715,0.2735796272754669,0.2637939453125,0.24171265959739685,0.25779959559440613
2,S7,ComHvy,local,local,0,local,local,0,0.5580561757087708,0.5804353952407837,0.02237921953201294,0.0014944574795663357,0.04475848376750946,0.5580561757087708,0.5804353952407837,0.24774619936943054,0.22555816173553467,0.1941976249217987,0.19400639832019806
2,S7,BWHvy,local,local,0,local,local,0,0.4923471212387085,0.48210275173187256,-0.010244369506835938,0.0005831322632730007,0.02905242145061493,0.4923471212387085,0.48210275173187256,0.22918091714382172,0.24370712041854858,0.278471976518631,0.27419012784957886
2,S8,LatCrit,local,local,0,local,local,0,0.6153873801231384,0.6107209920883179,-0.004666388034820557,5.019339732825756e-05,0.009332820773124695,0.6153873801231384,0.6107209920883179,0.18524403870105743,0.186563178896904,0.19936858117580414,0.20271587371826172
2,S8,ComHvy,local,local,0,local,local,0,0.3863082528114319,0.3987913131713867,0.012483060359954834,0.00047383445780724287,0.028124183416366577,0.3863082528114319,0.3987913131713867,0.37387874722480774,0.35981667041778564,0.23981299996376038,0.24139204621315002
2,S8,BWHvy,local,local,0,local,local,0,0.46821171045303345,0.4336596131324768,-0.03455209732055664,0.003036502515897155,0.06910422444343567,0.46821171045303345,0.4336596131324768,0.2669175863265991,0.29791417717933655,0.26487070322036743,0.26842623949050903
3,S1,LatCrit,local,local,0,local,local,0,0.5589545369148254,0.5390478372573853,-0.019906699657440186,0.0027955491095781326,0.06293393671512604,0.5589545369148254,0.5390478372573853,0.229469895362854,0.21790964901447296,0.21157556772232056,0.24304255843162537
3,S1,ComHvy,local,local,0,local,BS1,1,0.47269880771636963,0.42907804250717163,-0.043620765209198,0.004735245369374752,0.087241530418396,0.47269880771636963,0.42907804250717163,0.2701169550418854,0.30891069769859314,0.257184237241745,0.26201125979423523
3,S1,BWHvy,local,local,0,BS2,BS2,0,0.44201505184173584,0.43058401346206665,-0.01143103837966919,0.00028505781665444374,0.02286207675933838,0.44201505184173584,0.43058401346206665,0.2594456672668457,0.2671114504337311,0.29853928089141846,0.30230453610420227
3,S2,LatCrit,local,local,0,local,local,0,0.4503893256187439,0.4711112380027771,0.020721912384033203,0.001968827098608017,0.04935148358345032,0.4503893256187439,0.4711112380027771,0.22196197509765625,0.1972862184047699,0.32764872908592224,0.331602543592453
3,S2,ComHvy,local,local,0,local,local,0,0.5779088139533997,0.5676367878913879,-0.010272026062011719,0.0008062929846346378,0.033065199851989746,0.5779088139533997,0.5676367878913879,0.20951135456562042,0.2260439544916153,0.2125798463821411,0.20631927251815796
3,S2,BWHvy,local,local,0,local,local,0,0.44360190629959106,0.4733671545982361,0.02976524829864502,0.003001958131790161,0.06536725163459778,0.44360190629959106,0.4733671545982361,0.28508540987968445,0.25240176916122437,0.2713126838207245,0.27423104643821716
3,S3,LatCrit,local,local,0,local,local,0,0.39635467529296875,0.3894803524017334,-0.0068743228912353516,0.00014679861487820745,0.015080034732818604,0.39635467529296875,0.3894803524017334,0.32672807574272156,0.33426809310913086,0.2769172489643097,0.27625155448913574
3,S3,ComHvy,local,local,0,local,local,0,0.3811805248260498,0.3944789171218872,0.013298392295837402,0.00044093187898397446,0.026596814393997192,0.3811805248260498,0.3944789171218872,0.3130297064781189,0.3108285069465637,0.3057897984981537,0.2946925759315491
3,S3,BWHvy,local,local,0,local,local,0,0.5966441631317139,0.5046054124832153,-0.09203875064849854,0.017453186213970184,0.1840774416923523,0.5966441631317139,0.5046054124832153,0.22273333370685577,0.26265689730644226,0.18062254786491394,0.2327376753091812
3,S4,LatCrit,local,local,0,local,local,0,0.6023060083389282,0.6051526069641113,0.0028465986251831055,0.001775922253727913,0.0400344580411911,0.6023060083389282,0.6051526069641113,0.20464588701725006,0.18462862074375153,0.1930481195449829,0.21021871268749237
3,S4,ComHvy,local,local,0,local,local,0,0.4828639626502991,0.5306654572486877,0.04780149459838867,0.004591137170791626,0.09560295939445496,0.4828639626502991,0.5306654572486877,0.24350251257419586,0.22277511656284332,0.27363350987434387,0.24655944108963013
3,S4,BWHvy,local,local,0,local,local,0,0.5507462024688721,0.5459913015365601,-0.004754900932312012,0.0008256193250417709,0.03174135088920593,0.5507462024688721,0.5459913015365601,0.19308441877365112,0.18196865916252136,0.2561693489551544,0.2720400393009186
3,S5,LatCrit,local,local,0,local,local,0,0.4245114326477051,0.3946118950843811,-0.029899537563323975,0.001965519040822983,0.05979904532432556,0.4245114326477051,0.3946118950843811,0.24236714839935303,0.2608019709587097,0.3331214487552643,0.3445861339569092
3,S5,ComHvy,local,local,0,local,local,0,0.6109668016433716,0.5860662460327148,-0.02490055561065674,0.0016218088567256927,0.04980109632015228,0.6109668016433716,0.5860662460327148,0.14507891237735748,0.16273772716522217,0.24395430088043213,0.251196026802063
3,S5,BWHvy,local,local,0,local,local,0,0.5765838623046875,0.568188488483429,-0.008395373821258545,0.0011254716664552689,0.03753991425037384,0.5765838623046875,0.568188488483429,0.21805839240550995,0.20768381655216217,0.20535773038864136,0.22412769496440887
3,S6,LatCrit,local,local,0,local,local,0,0.6003912687301636,0.5827921032905579,-0.017599165439605713,0.0009608586551621556,0.03590644896030426,0.6003912687301636,0.5827921032905579,0.21918006241321564,0.23713329434394836,0.1804286688566208,0.18007461726665497
3,S6,ComHvy,local,local,0,local,local,0,0.5703235864639282,0.5312159061431885,-0.039107680320739746,0.0030905138701200485,0.07821542024612427,0.5703235864639282,0.5312159061431885,0.23137390613555908,0.2511468827724457,0.1983024775981903,0.21763724088668823
3,S6,BWHvy,local,local,0,BS1,BS1,0,0.4792526960372925,0.4631456732749939,-0.016107022762298584,0.0005383742973208427,0.032214030623435974,0.4792526960372925,0.4631456732749939,0.3009345531463623,0.3080713152885437,0.2198127657175064,0.2287830114364624
3,S7,LatCrit,local,local,0,local,local,0,0.497849702835083,0.5184171199798584,0.02056741714477539,0.0008581653237342834,0.04113475978374481,0.497849702835083,0.5184171199798584,0.23000270128250122,0.2222202867269516,0.27214759588241577,0.25936266779899597
3,S7,ComHvy,local,local,0,local,local,0,0.5076255798339844,0.4993089437484741,-0.008316636085510254,0.000811304897069931,0.033916741609573364,0.5076255798339844,0.4993089437484741,0.26285064220428467,0.25420892238616943,0.22952373325824738,0.24648211896419525
3,S7,BWHvy,local,local,0,local,local,0,0.5165528059005737,0.5234833359718323,0.006930530071258545,0.0009151790291070938,0.03503730893135071,0.5165528059005737,0.5234833359718323,0.22858306765556335,0.23917116224765778,0.2548641860485077,0.23734550178050995
3,S8,LatCrit,local,local,0,local,local,0,0.5425848364830017,0.5950210094451904,0.05243617296218872,0.0063532134518027306,0.10487239062786102,0.5425848364830017,0.5950210094451904,0.25024378299713135,0.21025682985782623,0.20717139542102814,0.19472213089466095
3,S8,ComHvy,local,local,0,local,local,0,0.6150524020195007,0.629425048828125,0.014372646808624268,0.001071414677426219,0.03604690730571747,0.6150524020195007,0.629425048828125,0.19863605499267578,0.18061262369155884,0.1863115429878235,0.18996237218379974
3,S8,BWHvy,local,local,0,BS2,BS2,0,0.463207483291626,0.4714449644088745,0.008237481117248535,0.0002846979768946767,0.020318061113357544,0.463207483291626,0.4714449644088745,0.25759074091911316,0.24743172526359558,0.27920177578926086,0.2811233401298523
4,S1,LatCrit,local,local,0,local,local,0,0.57819664478302,0.5748740434646606,-0.003322601318359375,0.0004219925031065941,0.02145296335220337,0.57819664478302,0.5748740434646606,0.23152568936347961,0.2241217941045761,0.19027768075466156,0.20100414752960205
4,S1,ComHvy,local,local,0,local,local,0,0.44175440073013306,0.46774011850357056,0.0259857177734375,0.0025544539093971252,0.06157925724983215,0.44175440073013306,0.46774011850357056,0.270750492811203,0.2755544185638428,0.28749507665634155,0.25670546293258667
4,S1,BWHvy,local,local,0,local,local,0,0.5373027920722961,0.5418680906295776,0.004565298557281494,0.00042194221168756485,0.0231417715549469,0.5373027920722961,0.5418680906295776,0.2305135875940323,0.23751915991306305,0.23218363523483276,0.22061273455619812
4,S2,LatCrit,local,local,0,local,local,0,0.5202659368515015,0.5038947463035583,-0.016371190547943115,0.0006659002974629402,0.032742440700531006,0.5202659368515015,0.5038947463035583,0.17302563786506653,0.17341524362564087,0.3067083954811096,0.32269003987312317
4,S2,ComHvy,local,local,0,local,local,0,0.5059990882873535,0.4771474599838257,-0.028851628303527832,0.0018330644816160202,0.057703182101249695,0.5059990882873535,0.4771474599838257,0.2361382395029068,0.24315088987350464,0.25786271691322327,0.2797016203403473
4,S2,BWHvy,local,local,0,local,local,0,0.4712105989456177,0.48829299211502075,0.017082393169403076,0.000887298199813813,0.03416484594345093,0.4712105989456177,0.48829299211502075,0.2541481554508209,0.23729491233825684,0.2746412754058838,0.2744120657444
4,S3,LatCrit,local,local,0,local,local,0,0.45808011293411255,0.4511261582374573,-0.0069539546966552734,0.0040812622755765915,0.07313640415668488,0.45808011293411255,0.4511261582374573,0.29544466733932495,0.3320128619670868,0.2464752197265625,0.21686096489429474
4,S3,ComHvy,local,BS1,1,local,local,0,0.39607638120651245,0.3732469081878662,-0.02282947301864624,0.007825221866369247,0.11305844783782959,0.39607638120651245,0.33954715728759766,0.32519999146461487,0.3732469081878662,0.2787235975265503,0.28720590472221375
4,S3,BWHvy,local,local,0,local,local,0,0.5923510789871216,0.4737247824668884,-0.11862629652023315,0.028292864561080933,0.23725257813930511,0.5923510789871216,0.4737247824668884,0.21068766713142395,0.27564385533332825,0.19696126878261566,0.2506313621997833
4,S4,LatCrit,local,local,0,local,local,0,0.5832220315933228,0.5665055513381958,-0.016716480255126953,0.001113714650273323,0.03926391899585724,0.5832220315933228,0.5665055513381958,0.2026098519563675,0.1996944099664688,0.21416810154914856,0.23380009829998016
4,S4,ComHvy,local,local,0,local,local,0,0.39869701862335205,0.41008299589157104,0.011385977268218994,0.0005696164444088936,0.02964019775390625,0.39869701862335205,0.41008299589157104,0.2905833125114441,0.27576324343681335,0.31071963906288147,0.314153790473938
4,S4,BWHvy,local,local,0,BS2,BS2,0,0.479165256023407,0.43572717905044556,-0.043438076972961426,0.004525765776634216,0.08687619864940643,0.479165256023407,0.43572717905044556,0.21249589323997498,0.21581585705280304,0.30833882093429565,0.3484569787979126
4,S5,LatCrit,local,local,0,local,local,0,0.5153741836547852,0.48042649030685425,-0.03494769334793091,0.0025692200288176537,0.06989537179470062,0.5153741836547852,0.48042649030685425,0.20772482454776764,0.22856220602989197,0.2769010066986084,0.2910113036632538
4,S5,ComHvy,local,local,0,local,local,0,0.5160958766937256,0.43119537830352783,-0.08490049839019775,0.014544956386089325,0.16980098187923431,0.5160958766937256,0.43119537830352783,0.20514874160289764,0.2393723428249359,0.27875542640686035,0.32943230867385864
4,S5,BWHvy,local,local,0,local,local,0,0.5238112211227417,0.5102213025093079,-0.013589918613433838,0.0020122621208429337,0.05495870113372803,0.5238112211227417,0.5102213025093079,0.2565946877002716,0.2840740382671356,0.2195941060781479,0.2057046741247177
4,S6,LatCrit,local,local,0,local,local,0,0.5427508354187012,0.5116650462150574,-0.0310857892036438,0.0021552275866270065,0.062171563506126404,0.5427508354187012,0.5116650462150574,0.255389928817749,0.2652421295642853,0.2018592655658722,0.22309283912181854
4,S6,ComHvy,local,local,0,local,local,0,0.5419156551361084,0.4966883659362793,-0.0452272891998291,0.004899594932794571,0.09045454859733582,0.5419156551361084,0.4966883659362793,0.22805115580558777,0.23566904664039612,0.23003321886062622,0.2676425874233246
4,S6,BWHvy,local,local,0,local,local,0,0.4406169652938843,0.5334168076515198,0.0927998423576355,0.017585165798664093,0.1855996996164322,0.4406169652938843,0.5334168076515198,0.3018934428691864,0.2597576379776001,0.2574895918369293,0.20682553946971893
4,S7,LatCrit,local,local,0,local,local,0,0.4622510075569153,0.43531930446624756,-0.026931703090667725,0.0018528569489717484,0.05386342108249664,0.4622510075569153,0.43531930446624756,0.23924435675144196,0.24065807461738586,0.29850465059280396,0.32402265071868896
4,S7,ComHvy,local,local,0,local,local,0,0.5195030570030212,0.538361668586731,0.018858611583709717,0.0007791994139552116,0.03771720826625824,0.5195030570030212,0.538361668586731,0.21611109375953674,0.20385785400867462,0.264385849237442,0.2577804923057556
4,S7,BWHvy,local,local,0,local,local,0,0.49720466136932373,0.49649447202682495,-0.0007101893424987793,0.001259898766875267,0.036241501569747925,0.49720466136932373,0.49649447202682495,0.2599954605102539,0.2781161963939667,0.24279989302158356,0.22538931667804718
4,S8,LatCrit,local,local,0,local,local,0,0.5880921483039856,0.5950820446014404,0.006989896297454834,0.0003224550746381283,0.020542308688163757,0.5880921483039856,0.5950820446014404,0.2142661213874817,0.2039949893951416,0.19764171540737152,0.20092299580574036
4,S8,ComHvy,local,local,0,local,local,0,0.4948773980140686,0.5098238587379456,0.014946460723876953,0.0004482557997107506,0.0298929363489151,0.4948773980140686,0.5098238587379456,0.2351764589548111,0.2287943959236145,0.2699461579322815,0.26138174533843994
4,S8,BWHvy,local,local,0,local,local,0,0.5309450626373291,0.5320865511894226,0.0011414885520935059,0.000363299623131752,0.019366279244422913,0.5309450626373291,0.5320865511894226,0.24741393327713013,0.2559555768966675,0.22164101898670197,0.2119578719139099
5,S1,LatCrit,local,local,0,local,local,0,0.5704038143157959,0.554919421672821,-0.015484392642974854,0.0009239800274372101,0.03501144051551819,0.5704038143157959,0.554919421672821,0.2225283533334732,0.22050704061985016,0.2070678025484085,0.2245735377073288
5,S1,ComHvy,local,local,0,BS1,BS1,0,0.3882351517677307,0.36655890941619873,-0.021676242351531982,0.0011350493878126144,0.043352484703063965,0.3882351517677307,0.36655890941619873,0.3285897672176361,0.33368420600891113,0.2831750810146332,0.29975688457489014
5,S1,BWHvy,local,local,0,local,local,0,0.45836567878723145,0.42243289947509766,-0.03593277931213379,0.0029350053519010544,0.07186552882194519,0.45836567878723145,0.42243289947509766,0.2623860239982605,0.27009010314941406,0.27924829721450806,0.3074769675731659
5,S2,LatCrit,local,local,0,local,local,0,0.4794008135795593,0.529832124710083,0.05043131113052368,0.009324912913143635,0.10537302494049072,0.4794008135795593,0.529832124710083,0.23889707028865814,0.18621055781841278,0.28170210123062134,0.283957302570343
5,S2,ComHvy,local,local,0,local,local,0,0.5800513029098511,0.6044187545776367,0.024367451667785645,0.0014520259574055672,0.04873493313789368,0.5800513029098511,0.6044187545776367,0.178113654255867,0.1614939272403717,0.24183504283428192,0.2340872883796692
5,S2,BWHvy,local,local,0,local,local,0,0.4329250454902649,0.4461607336997986,0.013235688209533691,0.0004046335816383362,0.026471346616744995,0.4329250454902649,0.4461607336997986,0.288825124502182,0.2784263491630554,0.2782498300075531,0.2754129469394684
5,S3,LatCrit,local,local,0,BS1,BS1,0,0.41956526041030884,0.41800636053085327,-0.0015588998794555664,0.006656575947999954,0.08942079544067383,0.41956526041030884,0.41800636053085327,0.3238395154476166,0.28068801760673523,0.2565952241420746,0.3013056218624115
5,S3,ComHvy,local,local,0,local,local,0,0.44955670833587646,0.4319716691970825,-0.017585039138793945,0.002466456964612007,0.06511539220809937,0.44955670833587646,0.4319716691970825,0.3004228472709656,0.33298054337501526,0.25002044439315796,0.23504778742790222
5,S3,BWHvy,local,local,0,local,local,0,0.5523558855056763,0.5170709490776062,-0.03528493642807007,0.003109231824055314,0.07056981325149536,0.5523558855056763,0.5170709490776062,0.25183412432670593,0.2841290235519409,0.19581003487110138,0.1988000124692917
5,S4,LatCrit,local,local,0,local,local,0,0.6302014589309692,0.6294713020324707,-0.0007301568984985352,0.0011323709040880203,0.029553398489952087,0.6302014589309692,0.6294713020324707,0.1726747304201126,0.1586281955242157,0.19712378084659576,0.2119004875421524
5,S4,ComHvy,local,local,0,local,local,0,0.48869216442108154,0.4627651572227478,-0.02592700719833374,0.0014227591454982758,0.051854074001312256,0.48869216442108154,0.4627651572227478,0.2544732391834259,0.26281487941741943,0.25683459639549255,0.27442002296447754
5,S4,BWHvy,local,local,0,local,local,0,0.551627516746521,0.558532178401947,0.006904661655426025,0.00022989953868091106,0.01810002326965332,0.551627516746521,0.558532178401947,0.2385954111814499,0.22954538464546204,0.2097770720720291,0.21192240715026855
5,S5,LatCrit,local,local,0,local,local,0,0.4724190831184387,0.4734605550765991,0.0010414719581604004,0.0003979802131652832,0.021489500999450684,0.4724190831184387,0.4734605550765991,0.2415519654750824,0.25125524401664734,0.2860289514064789,0.27528420090675354
5,S5,ComHvy,local,local,0,local,local,0,0.5114119052886963,0.49205881357192993,-0.019353091716766357,0.0010738186538219452,0.038706183433532715,0.5114119052886963,0.49205881357192993,0.20059290528297424,0.2176847755908966,0.28799518942832947,0.29025641083717346
5,S5,BWHvy,local,local,0,local,local,0,0.6118109822273254,0.6538784503936768,0.04206746816635132,0.007999497465789318,0.10104094445705414,0.6118109822273254,0.6538784503936768,0.23399345576763153,0.18347297608852386,0.15419556200504303,0.16264855861663818
5,S6,LatCrit,local,local,0,local,local,0,0.5505750179290771,0.533006489276886,-0.017568528652191162,0.0017633996903896332,0.047820329666137695,0.5505750179290771,0.533006489276886,0.18860754370689392,0.21251767873764038,0.2608174681663513,0.25447580218315125
5,S6,ComHvy,local,local,0,local,local,0,0.49470531940460205,0.5042474269866943,0.009542107582092285,0.0015900097787380219,0.04795268177986145,0.49470531940460205,0.5042474269866943,0.20670847594738007,0.2211427241563797,0.2985862195491791,0.27460989356040955
5,S6,BWHvy,local,local,0,BS2,local,1,0.41947102546691895,0.4653072953224182,0.04583626985549927,0.00605345331132412,0.0916726142168045,0.41947102546691895,0.4653072953224182,0.2888447344303131,0.24498365819454193,0.2916842997074127,0.28970903158187866
5,S7,LatCrit,local,local,0,local,local,0,0.47974830865859985,0.4657476544380188,-0.014000654220581055,0.00039531197398900986,0.028001263737678528,0.47974830865859985,0.4657476544380188,0.28156307339668274,0.28984692692756653,0.2386886328458786,0.24440538883209229
5,S7,ComHvy,local,local,0,local,local,0,0.49338287115097046,0.5107044577598572,0.01732158660888672,0.0006128568202257156,0.034643158316612244,0.49338287115097046,0.5107044577598572,0.24014806747436523,0.2336665540933609,0.2664690613746643,0.2556290030479431
5,S7,BWHvy,local,local,0,local,local,0,0.47971493005752563,0.5195198059082031,0.03980487585067749,0.003213861957192421,0.07960973680019379,0.47971493005752563,0.5195198059082031,0.33865633606910706,0.3097819685935974,0.18162871897220612,0.17069822549819946
5,S8,LatCrit,local,local,0,local,local,0,0.5575864911079407,0.611091136932373,0.05350464582443237,0.00597766786813736,0.10700923204421997,0.5575864911079407,0.611091136932373,0.20091478526592255,0.17926964163780212,0.24149870872497559,0.2096392661333084
5,S8,ComHvy,local,local,0,local,local,0,0.46870720386505127,0.5199167728424072,0.05120956897735596,0.00847495999187231,0.10241907835006714,0.46870720386505127,0.5199167728424072,0.2540973722934723,0.2033383548259735,0.27719542384147644,0.27674493193626404
5,S8,BWHvy,local,local,0,local,local,0,0.5403304100036621,0.5478382110595703,0.007507801055908203,0.0005027102306485176,0.026370733976364136,0.5403304100036621,0.5478382110595703,0.22181345522403717,0.22749100625514984,0.23785613477230072,0.22467075288295746
6,S1,LatCrit,local,local,0,BS1,BS1,0,0.5203475952148438,0.5596262216567993,0.039278626441955566,0.0031748758628964424,0.07855725288391113,0.5203475952148438,0.5596262216567993,0.26864171028137207,0.24314555525779724,0.21101070940494537,0.19722823798656464
6,S1,ComHvy,local,local,0,local,BS1,1,0.5168240070343018,0.4827079176902771,-0.03411608934402466,0.004056675359606743,0.08050358295440674,0.5168240070343018,0.4827079176902771,0.26372402906417847,0.30397582054138184,0.21945196390151978,0.21331626176834106
6,S1,BWHvy,local,local,0,BS1,BS1,0,0.452613890171051,0.42392444610595703,-0.028689444065093994,0.001734049990773201,0.057378917932510376,0.452613890171051,0.42392444610595703,0.27442261576652527,0.28461647033691406,0.2729634642601013,0.2914590835571289
6,S2,LatCrit,local,local,0,BS1,local,1,0.46565043926239014,0.5175451636314392,0.05189472436904907,0.005541348829865456,0.10378944873809814,0.46565043926239014,0.5175451636314392,0.20893511176109314,0.18304914236068726,0.3254144787788391,0.2994057238101959
6,S2,ComHvy,local,local,0,local,local,0,0.5039676427841187,0.5498868227005005,0.045919179916381836,0.004455173388123512,0.09183840453624725,0.5039676427841187,0.5498868227005005,0.21953068673610687,0.1926318109035492,0.27650171518325806,0.2574813663959503
6,S2,BWHvy,local,local,0,local,local,0,0.49366825819015503,0.4772087335586548,-0.016459524631500244,0.0010861405171453953,0.03852459788322449,0.49366825819015503,0.4772087335586548,0.22162063419818878,0.24088291823863983,0.2847111225128174,0.2819083333015442
6,S3,LatCrit,local,local,0,local,local,0,0.5075185298919678,0.46269917488098145,-0.04481935501098633,0.026880718767642975,0.20138931274414062,0.5075185298919678,0.46269917488098145,0.28142035007476807,0.22554504871368408,0.21106112003326416,0.3117557764053345
6,S3,ComHvy,local,local,0,local,local,0,0.5989352464675903,0.5416178703308105,-0.057317376136779785,0.006707662716507912,0.11463479697704315,0.5989352464675903,0.5416178703308105,0.23639562726020813,0.273088276386261,0.16466909646987915,0.18529386818408966
6,S3,BWHvy,local,local,0,local,local,0,0.4183894991874695,0.4343869090080261,0.01599740982055664,0.0005718180909752846,0.031994789838790894,0.4183894991874695,0.4343869090080261,0.31809288263320923,0.31301388144493103,0.2635176181793213,0.25259923934936523
6,S4,LatCrit,local,local,0,local,local,0,0.5479044914245605,0.5326687097549438,-0.0152357816696167,0.0005231089890003204,0.030471622943878174,0.5479044914245605,0.5326687097549438,0.1838979721069336,0.18648341298103333,0.26819750666618347,0.2808479070663452
6,S4,ComHvy,local,local,0,local,local,0,0.5850450992584229,0.5612899661064148,-0.023755133152008057,0.001180337741971016,0.0475102961063385,0.5850450992584229,0.5612899661064148,0.17871446907520294,0.1863562911748886,0.23624038696289062,0.2523537278175354
6,S4,BWHvy,local,local,0,local,local,0,0.5945687294006348,0.6245341300964355,0.02996540069580078,0.0020316075533628464,0.05993083119392395,0.5945687294006348,0.6245341300964355,0.19234280288219452,0.1732795685529709,0.21308846771717072,0.20218627154827118
6,S5,LatCrit,local,local,0,local,local,0,0.45796632766723633,0.5219190120697021,0.06395268440246582,0.008491240441799164,0.12790541350841522,0.45796632766723633,0.5219190120697021,0.2378229796886444,0.21772603690624237,0.30421072244644165,0.2603549361228943
6,S5,ComHvy,local,local,0,local,local,0,0.4869871735572815,0.44189542531967163,-0.04509174823760986,0.004298007115721703,0.09018352627754211,0.4869871735572815,0.44189542531967163,0.22168464958667755,0.2488916665315628,0.29132816195487976,0.30921292304992676
6,S5,BWHvy,local,local,0,local,local,0,0.6007239818572998,0.6443381905555725,0.043614208698272705,0.009201455861330032,0.10447226464748383,0.6007239818572998,0.6443381905555725,0.2177186906337738,0.1654825359582901,0.18155734241008759,0.190179243683815
6,S6,LatCrit,local,local,0,local,local,0,0.6640851497650146,0.6799486875534058,0.015863537788391113,0.0005962876603007317,0.03172709047794342,0.6640851497650146,0.6799486875534058,0.17521576583385468,0.16881047189235687,0.16069906949996948,0.15124081075191498
6,S6,ComHvy,local,local,0,local,local,0,0.4645712375640869,0.4665776491165161,0.0020064115524291992,0.00011208979412913322,0.01250225305557251,0.4645712375640869,0.4665776491165161,0.26592007279396057,0.2596689462661743,0.2695086896419525,0.27375340461730957
6,S6,BWHvy,local,local,0,local,local,0,0.412777841091156,0.4733869433403015,0.06060910224914551,0.013908037915825844,0.14164769649505615,0.412777841091156,0.4733869433403015,0.3076448440551758,0.2368209958076477,0.2795773148536682,0.2897920608520508
6,S7,LatCrit,local,local,0,local,local,0,0.4510524272918701,0.46383851766586304,0.01278609037399292,0.0006594229489564896,0.031622350215911865,0.4510524272918701,0.46383851766586304,0.26933804154396057,0.2723630964756012,0.2796095609664917,0.2637983560562134
6,S7,ComHvy,local,local,0,local,local,0,0.4464927911758423,0.45788854360580444,0.011395752429962158,0.0011125728487968445,0.04245513677597046,0.4464927911758423,0.45788854360580444,0.25115349888801575,0.2609853148460388,0.30235370993614197,0.28112614154815674
6,S7,BWHvy,local,local,0,local,local,0,0.48452210426330566,0.5245090126991272,0.03998690843582153,0.004104246385395527,0.07997380197048187,0.48452210426330566,0.5245090126991272,0.32507702708244324,0.2861384451389313,0.1904008537530899,0.18935254216194153
6,S8,LatCrit,local,local,0,local,local,0,0.5073102712631226,0.5341886878013611,0.026878416538238525,0.0017476878128945827,0.05375686287879944,0.5073102712631226,0.5341886878013611,0.2326800376176834,0.2118995636701584,0.2600097060203552,0.25391173362731934
6,S8,ComHvy,local,local,0,local,local,0,0.47563493251800537,0.4905017614364624,0.014866828918457031,0.0005030408501625061,0.02973368763923645,0.47563493251800537,0.4905017614364624,0.2027052640914917,0.2007373869419098,0.3216598331928253,0.3087608516216278
6,S8,BWHvy,local,local,0,local,local,0,0.593878984451294,0.6006683111190796,0.0067893266677856445,0.00011370552238076925,0.013578593730926514,0.593878984451294,0.6006683111190796,0.1824413537979126,0.17752867937088013,0.22367964684963226,0.22180305421352386
7,S1,LatCrit,local,local,0,local,local,0,0.5508072376251221,0.5477727651596069,-0.0030344724655151367,1.9702361896634102e-05,0.006069004535675049,0.5508072376251221,0.5477727651596069,0.23022222518920898,0.23228490352630615,0.21897050738334656,0.2199423611164093
7,S1,ComHvy,local,local,0,local,local,0,0.431093692779541,0.41458022594451904,-0.016513466835021973,0.00439690425992012,0.08505077660083771,0.431093692779541,0.41458022594451904,0.3119228780269623,0.35444825887680054,0.2569834291934967,0.23097150027751923
7,S1,BWHvy,local,local,0,local,local,0,0.5750802755355835,0.569158136844635,-0.005922138690948486,0.0002868799492716789,0.019427642226219177,0.5750802755355835,0.569158136844635,0.21992768347263336,0.21613599359989166,0.20499205589294434,0.21470586955547333
7,S2,LatCrit,local,local,0,BS2,BS2,0,0.5137137174606323,0.5269442796707153,0.013230562210083008,0.00044225435703992844,0.026461079716682434,0.5137137174606323,0.5269442796707153,0.1829586774110794,0.18244045972824097,0.3033275604248047,0.2906152606010437
7,S2,ComHvy,local,local,0,local,local,0,0.48125869035720825,0.47374486923217773,-0.007513821125030518,0.0019177291542291641,0.05159923434257507,0.48125869035720825,0.47374486923217773,0.23865871131420135,0.22037293016910553,0.2800825536251068,0.30588218569755554
7,S2,BWHvy,local,local,0,local,local,0,0.5150207281112671,0.48144519329071045,-0.03357553482055664,0.004581621382385492,0.08145648241043091,0.5150207281112671,0.48144519329071045,0.22168302536010742,0.2624112665653229,0.2632962465286255,0.2561435401439667
7,S3,LatCrit,local,local,0,local,local,0,0.5593617558479309,0.5677276849746704,0.008365929126739502,0.010545246303081512,0.10373009741306305,0.5593617558479309,0.5677276849746704,0.2671951353549957,0.2153300940990448,0.17344312369823456,0.21694225072860718
7,S3,ComHvy,local,local,0,BS1,BS1,0,0.5516445636749268,0.45235615968704224,-0.09928840398788452,0.020734157413244247,0.19857682287693024,0.5516445636749268,0.45235615968704224,0.27807819843292236,0.3221181333065033,0.17027725279331207,0.22552573680877686
7,S3,BWHvy,local,BS2,1,local,local,0,0.42453694343566895,0.3516712188720703,-0.07286572456359863,0.015518050640821457,0.16833624243736267,0.42453694343566895,0.3403688073158264,0.2600000202655792,0.3079599440097809,0.31546303629875183,0.3516712188720703
7,S4,LatCrit,local,local,0,local,local,0,0.5826965570449829,0.5504944324493408,-0.03220212459564209,0.002112705260515213,0.06440429389476776,0.5826965570449829,0.5504944324493408,0.16158343851566315,0.17281347513198853,0.25571998953819275,0.27669212222099304
7,S4,ComHvy,local,local,0,local,local,0,0.4989924430847168,0.4407334327697754,-0.058259010314941406,0.006885908544063568,0.116518035531044,0.4989924430847168,0.4407334327697754,0.22518913447856903,0.25526881217956543,0.275818407535553,0.3039977550506592
7,S4,BWHvy,local,local,0,local,local,0,0.5578970909118652,0.5362118482589722,-0.021685242652893066,0.0010276222601532936,0.04337042570114136,0.5578970909118652,0.5362118482589722,0.20400077104568481,0.20961764454841614,0.23810216784477234,0.2541704773902893
7,S5,LatCrit,local,local,0,BS2,BS2,0,0.426430344581604,0.41282540559768677,-0.013604938983917236,0.0007962272502481937,0.03374321758747101,0.426430344581604,0.41282540559768677,0.2437889724969864,0.2606605887413025,0.3297806680202484,0.32651400566101074
7,S5,ComHvy,local,local,0,local,local,0,0.4764994978904724,0.40945011377334595,-0.06704938411712646,0.009650804102420807,0.13409876823425293,0.4764994978904724,0.40945011377334595,0.25068214535713196,0.2701879143714905,0.272818386554718,0.32036200165748596
7,S5,BWHvy,local,local,0,BS1,BS1,0,0.4458569288253784,0.4273919463157654,-0.018464982509613037,0.001049485057592392,0.038454294204711914,0.4458569288253784,0.4273919463157654,0.28477048873901367,0.28400832414627075,0.2693725824356079,0.28859972953796387
7,S6,LatCrit,local,local,0,local,local,0,0.5632508993148804,0.5951114296913147,0.031860530376434326,0.0023363810032606125,0.06372109055519104,0.5632508993148804,0.5951114296913147,0.22001269459724426,0.2107534259557724,0.21673643589019775,0.1941351443529129
7,S6,ComHvy,local,local,0,local,local,0,0.46581941843032837,0.4277436137199402,-0.038075804710388184,0.003313588909804821,0.07615160942077637,0.46581941843032837,0.4277436137199402,0.25981253385543823,0.2889995276927948,0.2743680477142334,0.283256858587265
7,S6,BWHvy,local,local,0,local,local,0,0.4324759840965271,0.4887944459915161,0.056318461894989014,0.012233489193022251,0.13316138088703156,0.4324759840965271,0.4887944459915161,0.3011453449726105,0.2345646768808365,0.2663786709308624,0.276640921831131
7,S7,LatCrit,local,local,0,BS2,BS2,0,0.46346497535705566,0.4400010108947754,-0.023463964462280273,0.001735846744850278,0.05094844102859497,0.46346497535705566,0.4400010108947754,0.27457568049430847,0.30004993081092834,0.2619593143463135,0.25994908809661865
7,S7,ComHvy,local,local,0,BS2,local,1,0.44341081380844116,0.4681137204170227,0.024702906608581543,0.0012595392763614655,0.049405813217163086,0.44341081380844116,0.4681137204170227,0.22285446524620056,0.21571722626686096,0.3337347209453583,0.31616905331611633
7,S7,BWHvy,local,local,0,local,local,0,0.49632805585861206,0.5333016514778137,0.03697359561920166,0.003724468871951103,0.0740680992603302,0.49632805585861206,0.5333016514778137,0.30925244092941284,0.27221840620040894,0.1944194883108139,0.19447995722293854
7,S8,LatCrit,local,local,0,local,local,0,0.49273204803466797,0.49955135583877563,0.006819307804107666,0.0002512268256396055,0.018466323614120483,0.49273204803466797,0.49955135583877563,0.22567200660705566,0.21643885970115662,0.281595915555954,0.28400978446006775
7,S8,ComHvy,local,local,0,BS2,BS2,0,0.47171634435653687,0.48600876331329346,0.014292418956756592,0.0033464133739471436,0.06546616554260254,0.47171634435653687,0.48600876331329346,0.22909069061279297,0.1963576078414917,0.29919296503067017,0.31763362884521484
7,S8,BWHvy,local,local,0,local,local,0,0.5654744505882263,0.5967651009559631,0.031290650367736816,0.0022239405661821365,0.06258131563663483,0.5654744505882263,0.5967651009559631,0.17691966891288757,0.17028766870498657,0.2576058804988861,0.2329472154378891
8,S1,LatCrit,local,local,0,local,local,0,0.6069827079772949,0.6113806962966919,0.004397988319396973,0.0001485501416027546,0.014125153422355652,0.6069827079772949,0.6113806962966919,0.22868779301643372,0.22162523865699768,0.16432948410511017,0.1669940948486328
8,S1,ComHvy,local,local,0,local,local,0,0.501273512840271,0.46777641773223877,-0.03349709510803223,0.0050155483186244965,0.0881861001253128,0.501273512840271,0.46777641773223877,0.23946090042591095,0.28355395793914795,0.2592655420303345,0.2486695945262909
8,S1,BWHvy,local,local,0,local,local,0,0.615848183631897,0.5922144651412964,-0.023633718490600586,0.001226864755153656,0.04726748168468475,0.615848183631897,0.5922144651412964,0.21189463138580322,0.22125360369682312,0.1722571700811386,0.18653196096420288
8,S2,LatCrit,local,local,0,local,local,0,0.4885163903236389,0.5248438715934753,0.036327481269836426,0.0036688405089080334,0.07265500724315643,0.4885163903236389,0.5248438715934753,0.21729591488838196,0.18708930909633636,0.2941877245903015,0.2880668044090271
8,S2,ComHvy,local,local,0,local,local,0,0.443200945854187,0.49088722467422485,0.04768627882003784,0.006629394367337227,0.09537255764007568,0.443200945854187,0.49088722467422485,0.29108548164367676,0.24422422051429749,0.26571357250213623,0.26488855481147766
8,S2,BWHvy,local,local,0,local,local,0,0.4893638491630554,0.45436757802963257,-0.03499627113342285,0.004581669811159372,0.08294177055358887,0.4893638491630554,0.45436757802963257,0.24246260523796082,0.28393349051475525,0.26817354559898376,0.2616989314556122
8,S3,LatCrit,local,local,0,BS1,BS1,0,0.49780189990997314,0.41288959980010986,-0.08491230010986328,0.03496059775352478,0.23141205310821533,0.49780189990997314,0.41288959980010986,0.31004151701927185,0.27924779057502747,0.1921566128730774,0.30786263942718506
8,S3,ComHvy,local,local,0,local,local,0,0.6424750089645386,0.6081934571266174,-0.03428155183792114,0.002537233754992485,0.06856313347816467,0.6424750089645386,0.6081934571266174,0.19972534477710724,0.21584579348564148,0.1577996164560318,0.1759607493877411
8,S3,BWHvy,local,local,0,local,local,0,0.48032712936401367,0.4181743264198303,-0.06215280294418335,0.007855061441659927,0.12430565059185028,0.48032712936401367,0.4181743264198303,0.20798707008361816,0.2316349595785141,0.3116857707500458,0.3501907289028168
8,S4,LatCrit,local,local,0,local,local,0,0.6363729238510132,0.644158661365509,0.00778573751449585,0.00032800028566271067,0.017571166157722473,0.6363729238510132,0.644158661365509,0.14442861080169678,0.13564305007457733,0.21919842064380646,0.22019828855991364
8,S4,ComHvy,local,local,0,local,local,0,0.4822266697883606,0.44314390420913696,-0.03908276557922363,0.003611175809055567,0.07816556096076965,0.4822266697883606,0.44314390420913696,0.2627793550491333,0.29521775245666504,0.2549939751625061,0.2616383731365204
8,S4,BWHvy,local,local,0,local,local,0,0.5863686203956604,0.6131709218025208,0.02680230140686035,0.0019978564232587814,0.053604573011398315,0.5863686203956604,0.6131709218025208,0.1689491719007492,0.16736090183258057,0.2446822077035904,0.21946820616722107
8,S5,LatCrit,local,local,0,local,local,0,0.49208885431289673,0.5127668380737305,0.02067798376083374,0.001065840944647789,0.04135596752166748,0.49208885431289673,0.5127668380737305,0.19563397765159607,0.19452455639839172,0.3122771978378296,0.2927086353302002
8,S5,ComHvy,local,local,0,local,BS2,1,0.4231097102165222,0.39711034297943115,-0.025999367237091064,0.001993587240576744,0.05199873447418213,0.4231097102165222,0.39711034297943115,0.2658819854259491,0.29150018095970154,0.3110083043575287,0.3113894760608673
8,S5,BWHvy,local,local,0,local,local,0,0.5788061618804932,0.5885756015777588,0.009769439697265625,0.005453471094369888,0.07389171421527863,0.5788061618804932,0.5885756015777588,0.20485273003578186,0.16790685057640076,0.21634113788604736,0.24351753294467926
8,S6,LatCrit,local,local,0,local,local,0,0.5452061891555786,0.5891351699829102,0.04392898082733154,0.005205846857279539,0.08785794675350189,0.5452061891555786,0.5891351699829102,0.23142047226428986,0.19380423426628113,0.22337333858013153,0.2170606106519699
8,S6,ComHvy,local,local,0,local,local,0,0.485101580619812,0.4719814658164978,-0.013120114803314209,0.0003450247459113598,0.026240289211273193,0.485101580619812,0.4719814658164978,0.25087839365005493,0.25737544894218445,0.2640199661254883,0.27064308524131775
8,S6,BWHvy,local,local,0,local,local,0,0.47707599401474,0.5070591568946838,0.029983162879943848,0.014446474611759186,0.14019909501075745,0.47707599401474,0.5070591568946838,0.2808665633201599,0.21076700091362,0.2420574426651001,0.2821738123893738
8,S7,LatCrit,local,local,0,BS2,BS2,0,0.4578496217727661,0.4488953948020935,-0.008954226970672607,0.0004956470802426338,0.027533575892448425,0.4578496217727661,0.4488953948020935,0.24906288087368011,0.2628296911716461,0.2930874824523926,0.28827494382858276
8,S7,ComHvy,BS2,BS2,0,local,local,0,0.37775060534477234,0.390216588973999,0.012465983629226685,0.0009556328877806664,0.036708831787109375,0.37208348512649536,0.377971887588501,0.2501659393310547,0.2318114936351776,0.37775060534477234,0.390216588973999
8,S7,BWHvy,local,local,0,local,local,0,0.4696725606918335,0.5183501839637756,0.04867762327194214,0.005070066079497337,0.09735524654388428,0.4696725606918335,0.5183501839637756,0.28629010915756226,0.25155025720596313,0.24403731524944305,0.23009954392910004
8,S8,LatCrit,local,local,0,local,local,0,0.510992169380188,0.5017755031585693,-0.009216666221618652,0.003875117748975754,0.07037313282489777,0.510992169380188,0.5017755031585693,0.24089112877845764,0.2149212658405304,0.2481166571378708,0.28330326080322266
8,S8,ComHvy,local,local,0,local,local,0,0.5618137121200562,0.6033522486686707,0.0415385365486145,0.004180788062512875,0.08307702839374542,0.5618137121200562,0.6033522486686707,0.17824687063694,0.1511099487543106,0.25993937253952026,0.24553780257701874
8,S8,BWHvy,local,local,0,local,local,0,0.6109784841537476,0.5910429954528809,-0.0199354887008667,0.0013240240514278412,0.044713035225868225,0.6109784841537476,0.5910429954528809,0.14651313424110413,0.14409208297729492,0.2425083965063095,0.26486489176750183
9,S1,LatCrit,local,local,0,local,local,0,0.4687712788581848,0.46815168857574463,-0.0006195902824401855,3.281235694885254e-05,0.006484553217887878,0.4687712788581848,0.46815168857574463,0.2787276804447174,0.28196996450424194,0.2525010406970978,0.24987836182117462
9,S1,ComHvy,local,local,0,local,local,0,0.5904067158699036,0.5695987939834595,-0.020807921886444092,0.0025958754122257233,0.059122562408447266,0.5904067158699036,0.5695987939834595,0.19505031406879425,0.2246115803718567,0.21454297006130219,0.20578959584236145
9,S1,BWHvy,local,local,0,local,local,0,0.4985043406486511,0.5179335474967957,0.01942920684814453,0.000792408362030983,0.038858428597450256,0.4985043406486511,0.5179335474967957,0.24024906754493713,0.23386575281620026,0.26124659180641174,0.2482006847858429
9,S2,LatCrit,local,local,0,local,local,0,0.5359500646591187,0.5656113624572754,0.02966129779815674,0.0030829873867332935,0.05932252109050751,0.5359500646591187,0.5656113624572754,0.18795588612556458,0.16015054285526276,0.2760940194129944,0.27423813939094543
9,S2,ComHvy,local,local,0,local,local,0,0.3977614641189575,0.3987777829170227,0.0010163187980651855,0.003626398742198944,0.06655892729759216,0.3977614641189575,0.3987777829170227,0.2915344536304474,0.2582550048828125,0.3107040524482727,0.3429672122001648
9,S2,BWHvy,local,local,0,local,local,0,0.4718284606933594,0.4440573453903198,-0.02777111530303955,0.0015563303604722023,0.0555422306060791,0.4718284606933594,0.4440573453903198,0.25648266077041626,0.26995816826820374,0.27168887853622437,0.28598448634147644
9,S3,LatCrit,local,local,0,local,local,0,0.4866812825202942,0.5227033495903015,0.036022067070007324,0.002604244276881218,0.07204414904117584,0.4866812825202942,0.5227033495903015,0.3309582769870758,0.306530624628067,0.1823604553937912,0.17076602578163147
9,S3,ComHvy,local,local,0,local,local,0,0.5366212129592896,0.4694076180458069,-0.06721359491348267,0.009088197723031044,0.13442714512348175,0.5366212129592896,0.4694076180458069,0.2560947835445404,0.2967609763145447,0.20728403329849243,0.23383139073848724
9,S3,BWHvy,local,local,0,local,local,0,0.5038671493530273,0.41319650411605835,-0.090670645236969,0.01917526125907898,0.18134132027626038,0.5038671493530273,0.41319650411605835,0.2519891858100891,0.3273136019706726,0.24414366483688354,0.25948992371559143
9,S4,LatCrit,local,local,0,local,local,0,0.5279444456100464,0.49282366037368774,-0.03512078523635864,0.004097796976566315,0.07920505106449127,0.5279444456100464,0.49282366037368774,0.22094430029392242,0.21646258234977722,0.25111123919487,0.2907137870788574
9,S4,ComHvy,local,local,0,local,local,0,0.49675554037094116,0.46968215703964233,-0.027073383331298828,0.0016182586550712585,0.05414675176143646,0.49675554037094116,0.46968215703964233,0.23673786222934723,0.2559282183647156,0.2665066123008728,0.2743896245956421
9,S4,BWHvy,local,local,0,local,local,0,0.5227391719818115,0.4910773038864136,-0.03166186809539795,0.0023915860801935196,0.06332370638847351,0.5227391719818115,0.4910773038864136,0.20020301640033722,0.20343105494976044,0.27705782651901245,0.3054916262626648
9,S5,LatCrit,local,local,0,local,local,0,0.5042765736579895,0.5007858872413635,-0.0034906864166259766,5.106494063511491e-05,0.008214622735977173,0.5042765736579895,0.5007858872413635,0.21803058683872223,0.22213788330554962,0.27769285440444946,0.27707621455192566
9,S5,ComHvy,local,local,0,local,BS2,1,0.4931657314300537,0.4530829191207886,-0.04008281230926514,0.003229571506381035,0.08016560971736908,0.4931657314300537,0.4530829191207886,0.1742265820503235,0.18841569125652313,0.3326077163219452,0.3585014045238495
9,S5,BWHvy,local,local,0,local,BS1,1,0.5124454498291016,0.4742380976676941,-0.03820735216140747,0.003185596317052841,0.07641468942165375,0.5124454498291016,0.4742380976676941,0.2932097911834717,0.307694673538208,0.19434475898742676,0.2180672138929367
9,S6,LatCrit,local,local,0,local,local,0,0.48304492235183716,0.5045219659805298,0.021477043628692627,0.0015443917363882065,0.045946016907691956,0.48304492235183716,0.5045219659805298,0.25636154413223267,0.2578575313091278,0.2605935335159302,0.237620547413826
9,S6,ComHvy,local,local,0,local,local,0,0.537318229675293,0.5381836891174316,0.0008654594421386719,0.0007675420492887497,0.027442336082458496,0.537318229675293,0.5381836891174316,0.20193229615688324,0.21478800475597382,0.2607494592666626,0.24702829122543335
9,S6,BWHvy,local,local,0,BS1,BS1,0,0.4406359791755676,0.47884052991867065,0.03820455074310303,0.004553270526230335,0.08584880828857422,0.4406359791755676,0.47884052991867065,0.3426854908466339,0.2997610867023468,0.21667854487895966,0.22139839828014374
9,S7,LatCrit,local,local,0,BS2,BS2,0,0.44746971130371094,0.4491196870803833,0.0016499757766723633,3.831484355032444e-05,0.007556170225143433,0.44746971130371094,0.4491196870803833,0.2625684440135956,0.25879034399986267,0.2899618446826935,0.29208993911743164
9,S7,ComHvy,local,local,0,local,local,0,0.48485708236694336,0.495397686958313,0.010540604591369629,0.0005827480927109718,0.0303775817155838,0.48485708236694336,0.495397686958313,0.23295298218727112,0.237601175904274,0.2821899354457855,0.2670011520385742
9,S7,BWHvy,local,local,0,local,local,0,0.4227500557899475,0.4520101547241211,0.029260098934173584,0.0020376797765493393,0.05852019786834717,0.4227500557899475,0.4520101547241211,0.34464383125305176,0.33582761883735657,0.23260614275932312,0.21216225624084473
9,S8,LatCrit,local,local,0,local,local,0,0.5460563898086548,0.5373333096504211,-0.008723080158233643,0.00021346556604839861,0.01744610071182251,0.5460563898086548,0.5373333096504211,0.24499572813510895,0.2534560561180115,0.20894792675971985,0.2092106193304062
9,S8,ComHvy,local,local,0,local,local,0,0.5674822926521301,0.6359087824821472,0.06842648983001709,0.012866105884313583,0.13685297966003418,0.5674822926521301,0.6359087824821472,0.20220939815044403,0.1490623503923416,0.23030829429626465,0.21502885222434998
9,S8,BWHvy,local,local,0,BS2,local,1,0.47535544633865356,0.49061858654022217,0.015263140201568604,0.0021882597357034683,0.0568477064371109,0.47535544633865356,0.49061858654022217,0.25642573833465576,0.269586443901062,0.2682188153266907,0.23979495465755463
10,S1,LatCrit,local,local,0,local,local,0,0.520095705986023,0.5294100642204285,0.009314358234405518,0.0004248304758220911,0.023935481905937195,0.520095705986023,0.5294100642204285,0.22594401240348816,0.21397624909877777,0.2539603114128113,0.25661367177963257
10,S1,ComHvy,local,local,0,local,local,0,0.464774489402771,0.5057371854782104,0.04096269607543945,0.004489924758672714,0.08192531764507294,0.464774489402771,0.5057371854782104,0.2529049813747406,0.24961988627910614,0.282320499420166,0.244642972946167
10,S1,BWHvy,local,local,0,local,local,0,0.4625810980796814,0.4559740424156189,-0.0066070556640625,0.0002960851415991783,0.021841078996658325,0.4625810980796814,0.4559740424156189,0.27284500002861023,0.2837655246257782,0.2645739018917084,0.2602604031562805
10,S2,LatCrit,local,local,0,local,local,0,0.5549912452697754,0.5538487434387207,-0.0011425018310546875,0.0008061230182647705,0.027116045355796814,0.5549912452697754,0.5538487434387207,0.1675317883491516,0.1551162749528885,0.277476966381073,0.291034996509552
10,S2,ComHvy,local,local,0,local,local,0,0.5241525173187256,0.52135169506073,-0.0028008222579956055,0.0036080162972211838,0.06137211620807648,0.5241525173187256,0.52135169506073,0.25642356276512146,0.22853831946849823,0.21942389011383057,0.2501099407672882
10,S2,BWHvy,local,local,0,local,local,0,0.5312401652336121,0.49312466382980347,-0.038115501403808594,0.002940213307738304,0.07623101770877838,0.5312401652336121,0.49312466382980347,0.2620989978313446,0.28040802478790283,0.20666083693504333,0.2264673262834549
10,S3,LatCrit,local,local,0,local,local,0,0.5170570611953735,0.5111221671104431,-0.00593489408493042,8.414319017902017e-05,0.011869758367538452,0.5170570611953735,0.5111221671104431,0.2755255401134491,0.2807272970676422,0.20741741359233856,0.20815052092075348
10,S3,ComHvy,local,local,0,local,local,0,0.5148811340332031,0.4508224129676819,-0.06405872106552124,0.008533542975783348,0.12811744213104248,0.5148811340332031,0.4508224129676819,0.2829119563102722,0.32964664697647095,0.20220693945884705,0.21953096985816956
10,S3,BWHvy,local,BS1,1,local,local,0,0.3854570984840393,0.386688768863678,0.0012316703796386719,0.004799076355993748,0.084983229637146,0.3854570984840393,0.3429654836654663,0.3455914855003357,0.386688768863678,0.268951416015625,0.2703457474708557
10,S4,LatCrit,local,local,0,local,local,0,0.5415782928466797,0.5049616098403931,-0.03661668300628662,0.002800220623612404,0.07323329150676727,0.5415782928466797,0.5049616098403931,0.21326422691345215,0.22478362917900085,0.24515749514102936,0.2702547013759613
10,S4,ComHvy,local,local,0,local,local,0,0.5690277814865112,0.5328868627548218,-0.03614091873168945,0.004707495216280222,0.08317294716835022,0.5690277814865112,0.5328868627548218,0.22435545921325684,0.26594191789627075,0.20661675930023193,0.20117118954658508
10,S4,BWHvy,local,local,0,local,local,0,0.6024936437606812,0.5958706736564636,-0.006622970104217529,0.0007202466949820518,0.029879525303840637,0.6024936437606812,0.5958706736564636,0.17420879006385803,0.16589201986789703,0.22329752147197723,0.23823730647563934
10,S5,LatCrit,local,local,0,local,local,0,0.5869952440261841,0.5928745269775391,0.0058792829513549805,7.591606117784977e-05,0.011758536100387573,0.5869952440261841,0.5928745269775391,0.21628697216510773,0.2141554355621338,0.1967177540063858,0.19297003746032715
10,S5,ComHvy,local,local,0,local,BS2,1,0.46248966455459595,0.43995869159698486,-0.022530972957611084,0.0014031920582056046,0.047877952456474304,0.46248966455459595,0.43995869159698486,0.2085813283920288,0.20717330276966095,0.32892903685569763,0.352867990732193
10,S5,BWHvy,local,local,0,local,local,0,0.5564006567001343,0.55800461769104,0.0016039609909057617,0.0004305131733417511,0.020595088601112366,0.5564006567001343,0.55800461769104,0.24611462652683258,0.2548082172870636,0.19748473167419434,0.18718719482421875
10,S6,LatCrit,local,local,0,local,local,0,0.48720550537109375,0.5028778314590454,0.01567232608795166,0.0024971328675746918,0.059973329305648804,0.48720550537109375,0.5028778314590454,0.2503790557384491,0.26469340920448303,0.26241543889045715,0.23242878913879395
10,S6,ComHvy,local,local,0,local,local,0,0.5029113292694092,0.4867978096008301,-0.0161135196685791,0.0007159828674048185,0.03222702443599701,0.5029113292694092,0.4867978096008301,0.1902182549238205,0.2034289538860321,0.3068704605102539,0.3097732663154602
10,S6,BWHvy,local,local,0,local,local,0,0.44414466619491577,0.5128777027130127,0.06873303651809692,0.01001729629933834,0.137466162443161,0.44414466619491577,0.5128777027130127,0.33161693811416626,0.2798756957054138,0.22423842549324036,0.2072465419769287
10,S7,LatCrit,local,local,0,local,local,0,0.5308394432067871,0.5478945970535278,0.017055153846740723,0.0007491698488593102,0.03411033749580383,0.5308394432067871,0.5478945970535278,0.2195580005645752,0.2056352198123932,0.24960258603096008,0.24647018313407898
10,S7,ComHvy,local,local,0,local,local,0,0.48656558990478516,0.5007906556129456,0.0142250657081604,0.0004580277018249035,0.0284501314163208,0.48656558990478516,0.5007906556129456,0.25971901416778564,0.24892714619636536,0.2537153959274292,0.2502821981906891
10,S7,BWHvy,local,local,0,local,local,0,0.5278116464614868,0.518031120300293,-0.009780526161193848,0.0003720095846801996,0.024080395698547363,0.5278116464614868,0.518031120300293,0.26248589158058167,0.27452608942985535,0.20970241725444794,0.2074427455663681
10,S8,LatCrit,local,local,0,local,local,0,0.48097681999206543,0.47772496938705444,-0.0032518506050109863,0.00016350578516721725,0.015008032321929932,0.48097681999206543,0.47772496938705444,0.29150503873825073,0.28725287318229675,0.22751815617084503,0.23502217233181
10,S8,ComHvy,local,local,0,local,local,0,0.5529588460922241,0.5470175743103027,-0.005941271781921387,0.0011756345629692078,0.038041695952415466,0.5529588460922241,0.5470175743103027,0.198233962059021,0.18515437841415405,0.24880723655223846,0.2678280770778656
10,S8,BWHvy,local,local,0,local,local,0,0.5848987102508545,0.5797420740127563,-0.0051566362380981445,0.00013134011533111334,0.01303960382938385,0.5848987102508545,0.5797420740127563,0.1999383121728897,0.20645807683467865,0.21516302227973938,0.21379981935024261
11,S1,LatCrit,local,local,0,BS1,BS1,0,0.5146443247795105,0.5187125205993652,0.004068195819854736,0.0017611067742109299,0.04467703402042389,0.5146443247795105,0.5187125205993652,0.2454298436641693,0.22309131920337677,0.23992586135864258,0.2581961750984192
11,S1,ComHvy,local,local,0,local,local,0,0.43170249462127686,0.4753651022911072,0.04366260766983032,0.005198080092668533,0.08732518553733826,0.43170249462127686,0.4753651022911072,0.298817902803421,0.29391875863075256,0.2694796025753021,0.23071616888046265
11,S1,BWHvy,local,local,0,local,local,0,0.4171881675720215,0.4003502130508423,-0.0168379545211792,0.0006523299962282181,0.0336759090423584,0.4171881675720215,0.4003502130508423,0.3016526401042938,0.30591002106666565,0.2811591923236847,0.29373976588249207
11,S2,LatCrit,local,local,0,BS2,BS2,0,0.561097264289856,0.538530170917511,-0.02256709337234497,0.0016037095338106155,0.049272820353507996,0.561097264289856,0.538530170917511,0.1856054812669754,0.18353614211082458,0.2532972991466522,0.27793368697166443
11,S2,ComHvy,local,local,0,local,local,0,0.5298300981521606,0.5350371599197388,0.005207061767578125,0.0008559394627809525,0.03300479054450989,0.5298300981521606,0.5350371599197388,0.27549079060554504,0.2589883804321289,0.19467909634113312,0.20597441494464874
11,S2,BWHvy,local,local,0,local,local,0,0.5217149257659912,0.4954950213432312,-0.02621990442276001,0.0038311555981636047,0.0743318647146225,0.5217149257659912,0.4954950213432312,0.26602572202682495,0.2550797164440155,0.21225932240486145,0.2494252771139145
11,S3,LatCrit,local,local,0,local,local,0,0.5758670568466187,0.5850340127944946,0.009166955947875977,0.0027204249054193497,0.053614020347595215,0.5758670568466187,0.5850340127944946,0.22576609253883362,0.24340617656707764,0.19836682081222534,0.17155984044075012
11,S3,ComHvy,local,local,0,local,local,0,0.5799371004104614,0.5738826990127563,-0.006054401397705078,0.0008451445028185844,0.029463276267051697,0.5799371004104614,0.5738826990127563,0.2677500545978546,0.25907281041145325,0.15231285989284515,0.1670444905757904
11,S3,BWHvy,local,local,0,BS1,local,1,0.39287447929382324,0.4330475330352783,0.04017305374145508,0.0033670831471681595,0.08034610748291016,0.39287447929382324,0.4330475330352783,0.31132400035858154,0.28699830174446106,0.2958014905452728,0.27995413541793823
11,S4,LatCrit,local,local,0,local,local,0,0.5262833833694458,0.5117379426956177,-0.014545440673828125,0.0015509584918618202,0.047918230295181274,0.5262833833694458,0.5117379426956177,0.23202696442604065,0.2559860944747925,0.24168963730335236,0.23227597773075104
11,S4,ComHvy,local,local,0,local,local,0,0.5117509961128235,0.49294036626815796,-0.018810629844665527,0.0008489906322211027,0.037621259689331055,0.5117509961128235,0.49294036626815796,0.2603156566619873,0.27642273902893066,0.2279333621263504,0.23063690960407257
11,S4,BWHvy,local,local,0,local,local,0,0.5577594637870789,0.5604214668273926,0.0026620030403137207,0.0006935568526387215,0.026674136519432068,0.5577594637870789,0.5604214668273926,0.2046668380498886,0.19132979214191437,0.23757368326187134,0.24824877083301544
11,S5,LatCrit,local,local,0,local,local,0,0.4042295813560486,0.37371402978897095,-0.030515551567077637,0.0038684122264385223,0.07559242844581604,0.4042295813560486,0.37371402978897095,0.3434849679470062,0.33620429039001465,0.2522854506969452,0.290081650018692
11,S5,ComHvy,local,local,0,local,local,0,0.5525840520858765,0.5975526571273804,0.044968605041503906,0.0068319872952997684,0.08993719518184662,0.5525840520858765,0.5975526571273804,0.18770258128643036,0.1474524438381195,0.2597133219242096,0.25499486923217773
11,S5,BWHvy,local,local,0,local,local,0,0.5834077596664429,0.5754613876342773,-0.007946372032165527,0.0006823954172432423,0.030719339847564697,0.5834077596664429,0.5754613876342773,0.24425886571407318,0.2596185505390167,0.17233334481716156,0.16492006182670593
11,S6,LatCrit,local,local,0,local,local,0,0.4763684868812561,0.5186151266098022,0.04224663972854614,0.003843434154987335,0.08449326455593109,0.4763684868812561,0.5186151266098022,0.2621079087257385,0.2487199902534485,0.26152360439300537,0.23266489803791046
11,S6,ComHvy,local,local,0,local,local,0,0.6199413537979126,0.6019350290298462,-0.018006324768066406,0.0009199716150760651,0.036673903465270996,0.6199413537979126,0.6019350290298462,0.134715735912323,0.1343851387500763,0.24534288048744202,0.2636798620223999
11,S6,BWHvy,local,local,0,local,local,0,0.46874916553497314,0.4418049454689026,-0.026944220066070557,0.002382853999733925,0.06300166249275208,0.46874916553497314,0.4418049454689026,0.3031739592552185,0.33467477560043335,0.22807691991329193,0.22352029383182526
11,S7,LatCrit,local,local,0,local,local,0,0.49653273820877075,0.534723162651062,0.03819042444229126,0.003691124264150858,0.07638084888458252,0.49653273820877075,0.534723162651062,0.25085824728012085,0.21899548172950745,0.2526090145111084,0.24628135561943054
11,S7,ComHvy,local,local,0,local,local,0,0.5345352292060852,0.549822211265564,0.01528698205947876,0.0007519975770264864,0.0311623215675354,0.5345352292060852,0.549822211265564,0.23637013137340546,0.22078895568847656,0.22909465432167053,0.22938881814479828
11,S7,BWHvy,local,local,0,local,local,0,0.5123248100280762,0.5000172853469849,-0.012307524681091309,0.00037995853926986456,0.0246150940656662,0.5123248100280762,0.5000172853469849,0.248208150267601,0.2589121460914612,0.23946703970432281,0.24107061326503754
11,S8,LatCrit,local,local,0,local,local,0,0.4684937596321106,0.4297451376914978,-0.03874862194061279,0.003234444186091423,0.07749718427658081,0.4684937596321106,0.4297451376914978,0.25960269570350647,0.270904541015625,0.27190354466438293,0.2993502616882324
11,S8,ComHvy,local,local,0,local,local,0,0.5421693325042725,0.5235120058059692,-0.018657326698303223,0.0010886210948228836,0.03731471300125122,0.5421693325042725,0.5235120058059692,0.24662627279758453,0.24685664474964142,0.2112043797969818,0.22963139414787292
11,S8,BWHvy,local,local,0,local,local,0,0.589884877204895,0.5748541355133057,-0.015030741691589355,0.0007135747000575066,0.030732423067092896,0.589884877204895,0.5748541355133057,0.19260607659816742,0.19227060675621033,0.21750907599925995,0.2328752875328064
12,S1,LatCrit,local,local,0,local,local,0,0.5589359998703003,0.5343166589736938,-0.024619340896606445,0.002473996952176094,0.05841808021068573,0.5589359998703003,0.5343166589736938,0.2321247011423111,0.22753500938415527,0.2089393138885498,0.23814836144447327
12,S1,ComHvy,local,local,0,local,local,0,0.46710366010665894,0.49086660146713257,0.023762941360473633,0.0011565661989152431,0.04752585291862488,0.46710366010665894,0.49086660146713257,0.30661213397979736,0.2904634475708008,0.2262841910123825,0.21866996586322784
12,S1,BWHvy,local,local,0,local,local,0,0.532069742679596,0.5140389204025269,-0.018030822277069092,0.0009126942604780197,0.03606158494949341,0.532069742679596,0.5140389204025269,0.23562026023864746,0.23658031225204468,0.23231001198291779,0.24938072264194489
12,S2,LatCrit,local,local,0,local,local,0,0.5599561929702759,0.5313451290130615,-0.028611063957214355,0.001958174630999565,0.05722211301326752,0.5599561929702759,0.5313451290130615,0.18454048037528992,0.18790198862552643,0.2555033564567566,0.28075289726257324
12,S2,ComHvy,local,local,0,local,local,0,0.5043075680732727,0.4747082591056824,-0.029599308967590332,0.0017600692808628082,0.05919864773750305,0.5043075680732727,0.4747082591056824,0.28610849380493164,0.30445727705955505,0.20958393812179565,0.22083449363708496
12,S2,BWHvy,local,local,0,local,local,0,0.4917396306991577,0.471632182598114,-0.0201074481010437,0.0009890813380479813,0.040214940905570984,0.4917396306991577,0.471632182598114,0.2637307941913605,0.26715633273124695,0.24452956020832062,0.2612115144729614
12,S3,LatCrit,local,local,0,local,local,0,0.49631017446517944,0.5001397132873535,0.0038295388221740723,0.0006893947720527649,0.029470041394233704,0.49631017446517944,0.5001397132873535,0.2481900304555893,0.25909554958343506,0.25549978017807007,0.2407647967338562
12,S3,ComHvy,local,local,0,local,local,0,0.4405888319015503,0.4126826524734497,-0.027906179428100586,0.0026138313114643097,0.05581234395503998,0.4405888319015503,0.4126826524734497,0.36163565516471863,0.36255067586898804,0.19777551293373108,0.22476665675640106
12,S3,BWHvy,local,local,0,local,BS1,1,0.46067148447036743,0.44442218542099,-0.01624929904937744,0.0006301328539848328,0.03249862790107727,0.46067148447036743,0.44442218542099,0.2599189579486847,0.26249679923057556,0.2794095277786255,0.29308101534843445
12,S4,LatCrit,local,local,0,local,local,0,0.47486889362335205,0.49670928716659546,0.021840393543243408,0.001988401636481285,0.055132776498794556,0.47486889362335205,0.49670928716659546,0.2416755110025406,0.24740149080753326,0.28345561027526855,0.2558892071247101
12,S4,ComHvy,local,local,0,BS2,BS2,0,0.454525351524353,0.4318996071815491,-0.022625744342803955,0.0019519412890076637,0.0514754056930542,0.454525351524353,0.4318996071815491,0.22760039567947388,0.253338098526001,0.3178742229938507,0.31476226449012756
12,S4,BWHvy,local,local,0,local,local,0,0.5275137424468994,0.49309802055358887,-0.03441572189331055,0.00504288449883461,0.08696582913398743,0.5275137424468994,0.49309802055358887,0.24534565210342407,0.2362784743309021,0.2271406054496765,0.2706235349178314
12,S5,LatCrit,local,local,0,local,local,0,0.5496031045913696,0.5632257461547852,0.013622641563415527,0.0005283145583234727,0.02724529802799225,0.5496031045913696,0.5632257461547852,0.24147731065750122,0.22850924730300903,0.20891958475112915,0.20826499164104462
12,S5,ComHvy,local,local,0,local,local,0,0.4925600290298462,0.48530447483062744,-0.00725555419921875,0.0029499679803848267,0.061513423919677734,0.4925600290298462,0.48530447483062744,0.2592776417732239,0.23577648401260376,0.24816235899925232,0.2789190709590912
12,S5,BWHvy,local,local,0,local,local,0,0.4892301559448242,0.48755621910095215,-0.0016739368438720703,0.0011896267533302307,0.03652046620845795,0.4892301559448242,0.48755621910095215,0.2607104480266571,0.2789706885814667,0.2500593960285187,0.23347310721874237
12,S6,LatCrit,local,local,0,local,local,0,0.4153284430503845,0.396814227104187,-0.01851421594619751,0.0044981613755226135,0.08686351776123047,0.4153284430503845,0.396814227104187,0.2908098101615906,0.3342415690422058,0.2938617467880249,0.2689442038536072
12,S6,ComHvy,local,local,0,local,local,0,0.6180360317230225,0.5607953071594238,-0.05724072456359863,0.006826028227806091,0.11448144912719727,0.6180360317230225,0.5607953071594238,0.1766309291124344,0.1982029229402542,0.20533300936222076,0.24100174009799957
12,S6,BWHvy,local,local,0,local,local,0,0.4740779995918274,0.4791126847267151,0.005034685134887695,0.0010503605008125305,0.0372396856546402,0.4740779995918274,0.4791126847267151,0.25772321224212646,0.27130839228630066,0.26819878816604614,0.24957896769046783
12,S7,LatCrit,local,local,0,local,local,0,0.5177795886993408,0.5240891575813293,0.006309568881988525,0.0017001423984766006,0.04592759907245636,0.5177795886993408,0.5240891575813293,0.26631462574005127,0.24335084855556488,0.21590575575828552,0.23256000876426697
12,S7,ComHvy,local,local,0,local,local,0,0.5122441649436951,0.5412721633911133,0.029027998447418213,0.00306379864923656,0.064876988530159,0.5122441649436951,0.5412721633911133,0.2560952305793762,0.22365674376487732,0.2316606193780899,0.2350711226463318
12,S7,BWHvy,local,local,0,local,local,0,0.5052556991577148,0.486308753490448,-0.018946945667266846,0.0008024387061595917,0.037893831729888916,0.5052556991577148,0.486308753490448,0.19819843769073486,0.21044299006462097,0.29654592275619507,0.30324825644493103
12,S8,LatCrit,local,local,0,local,local,0,0.5065560340881348,0.5057891607284546,-0.0007668733596801758,0.0007008453831076622,0.02703900635242462,0.5065560340881348,0.5057891607284546,0.23709136247634888,0.22433872520923615,0.25635257363319397,0.2698720693588257
12,S8,ComHvy,local,local,0,local,local,0,0.6330437660217285,0.5919613838195801,-0.04108238220214844,0.0037352126091718674,0.08216479420661926,0.6330437660217285,0.5919613838195801,0.18045803904533386,0.19392533600330353,0.18649816513061523,0.2141132801771164
12,S8,BWHvy,local,local,0,local,local,0,0.5194132328033447,0.5133460760116577,-0.006067156791687012,9.22204926609993e-05,0.012134313583374023,0.5194132328033447,0.5133460760116577,0.21017421782016754,0.21070803701877594,0.2704125940799713,0.2759459316730499
13,S1,LatCrit,local,local,0,local,local,0,0.5975099802017212,0.6050485372543335,0.007538557052612305,0.0010194536298513412,0.034980058670043945,0.5975099802017212,0.6050485372543335,0.23308244347572327,0.21559244394302368,0.16940754652023315,0.1793590486049652
13,S1,ComHvy,local,local,0,BS1,BS1,0,0.3677788972854614,0.37076646089553833,0.0029875636100769043,0.0030410904437303543,0.06453728675842285,0.3677788972854614,0.37076646089553833,0.3071233928203583,0.3364044725894928,0.3250977098941803,0.29282906651496887
13,S1,BWHvy,local,local,0,BS2,BS2,0,0.44858241081237793,0.4508240818977356,0.002241671085357666,0.00025887973606586456,0.018913835287094116,0.44858241081237793,0.4508240818977356,0.3055911958217621,0.29613426327705383,0.24582642316818237,0.25304165482521057
13,S2,LatCrit,local,local,0,local,local,0,0.5957017540931702,0.5766825675964355,-0.01901918649673462,0.0012136166915297508,0.03803832828998566,0.5957017540931702,0.5766825675964355,0.15972724556922913,0.1772778034210205,0.2445710301399231,0.24603961408138275
13,S2,ComHvy,local,local,0,local,local,0,0.6758835315704346,0.6585139036178589,-0.017369627952575684,0.0008009495213627815,0.03473924100399017,0.6758835315704346,0.6585139036178589,0.15795549750328064,0.16169415414333344,0.16616100072860718,0.17979195713996887
13,S2,BWHvy,local,local,0,local,local,0,0.5066800117492676,0.5376205444335938,0.030940532684326172,0.00289006344974041,0.06188102066516876,0.5066800117492676,0.5376205444335938,0.29966863989830017,0.29488420486450195,0.19365130364894867,0.1674952507019043
13,S3,LatCrit,local,local,0,local,local,0,0.4628583788871765,0.450075626373291,-0.012782752513885498,0.001742381602525711,0.053322672843933105,0.4628583788871765,0.450075626373291,0.2888662815093994,0.31552761793136597,0.24827535450458527,0.2343967705965042
13,S3,ComHvy,local,local,0,BS1,BS1,0,0.4286697506904602,0.41773009300231934,-0.01093965768814087,0.000259975902736187,0.021879330277442932,0.4286697506904602,0.41773009300231934,0.35418573021888733,0.35895028710365295,0.21714450418949127,0.2233196198940277
13,S3,BWHvy,local,local,0,local,local,0,0.468752920627594,0.4246390461921692,-0.044113874435424805,0.004750434309244156,0.08822771906852722,0.468752920627594,0.4246390461921692,0.2905321717262268,0.2989133894443512,0.2407149374485016,0.2764475643634796
13,S4,LatCrit,local,local,0,local,local,0,0.5439300537109375,0.48710930347442627,-0.05682075023651123,0.00661156140267849,0.11364145576953888,0.5439300537109375,0.48710930347442627,0.2087000608444214,0.24123568832874298,0.2473699152469635,0.27165499329566956
13,S4,ComHvy,local,local,0,local,local,0,0.5284767150878906,0.5213674902915955,-0.007109224796295166,0.0020119119435548782,0.05019749701023102,0.5284767150878906,0.5213674902915955,0.24086157977581024,0.26596033573150635,0.23066169023513794,0.2126721739768982
13,S4,BWHvy,local,local,0,local,local,0,0.5365951061248779,0.5237482786178589,-0.012846827507019043,0.0009917039424180984,0.0389607697725296,0.5365951061248779,0.5237482786178589,0.21703700721263885,0.2104034125804901,0.2463679313659668,0.2658482789993286
13,S5,LatCrit,local,local,0,local,local,0,0.57634037733078,0.6035944819450378,0.027254104614257812,0.0018526841886341572,0.05450819432735443,0.57634037733078,0.6035944819450378,0.2145421952009201,0.19313722848892212,0.20911742746829987,0.20326830446720123
13,S5,ComHvy,local,local,0,local,local,0,0.4808807373046875,0.48638105392456055,0.005500316619873047,0.00011457072105258703,0.011000633239746094,0.4808807373046875,0.48638105392456055,0.17952392995357513,0.1741090565919876,0.33959531784057617,0.33950987458229065
13,S5,BWHvy,local,local,0,local,local,0,0.6038814783096313,0.5823551416397095,-0.021526336669921875,0.0023174798116087914,0.05998031795024872,0.6038814783096313,0.5823551416397095,0.24938200414180756,0.2793721854686737,0.1467365026473999,0.1382727026939392
13,S6,LatCrit,local,local,0,BS1,BS1,0,0.43421655893325806,0.41623324155807495,-0.017983317375183105,0.0015635481104254723,0.05306437611579895,0.43421655893325806,0.41623324155807495,0.3260320723056793,0.3525642454624176,0.23975136876106262,0.23120248317718506
13,S6,ComHvy,local,local,0,local,local,0,0.526645839214325,0.5063598155975342,-0.02028602361679077,0.0008591879159212112,0.04057207703590393,0.526645839214325,0.5063598155975342,0.224398672580719,0.2309969961643219,0.24895548820495605,0.2626432180404663
13,S6,BWHvy,local,local,0,local,local,0,0.44908303022384644,0.49353349208831787,0.044450461864471436,0.003972509875893593,0.08890090882778168,0.44908303022384644,0.49353349208831787,0.3051278293132782,0.2788519859313965,0.24578915536403656,0.22761455178260803
13,S7,LatCrit,local,local,0,local,local,0,0.5889769792556763,0.602494478225708,0.013517498970031738,0.0006642676889896393,0.027511566877365112,0.5889769792556763,0.602494478225708,0.2167476862668991,0.21698594093322754,0.194275364279747,0.18051955103874207
13,S7,ComHvy,local,local,0,local,local,0,0.5009286999702454,0.5153949856758118,0.014466285705566406,0.0049694254994392395,0.07925494015216827,0.5009286999702454,0.5153949856758118,0.24527715146541595,0.20564967393875122,0.2537941634654999,0.278955340385437
13,S7,BWHvy,local,local,0,local,local,0,0.5728591680526733,0.5562747716903687,-0.016584396362304688,0.0010377895087003708,0.03779517114162445,0.5728591680526733,0.5562747716903687,0.21080943942070007,0.20849628746509552,0.2163313627243042,0.2352289855480194
13,S8,LatCrit,local,local,0,local,local,0,0.48780304193496704,0.47759783267974854,-0.010205209255218506,0.003368169069290161,0.06636178493499756,0.48780304193496704,0.47759783267974854,0.2970443665981293,0.2740686535835266,0.21515262126922607,0.24833348393440247
13,S8,ComHvy,local,local,0,local,local,0,0.6383154392242432,0.5784446001052856,-0.05987083911895752,0.007945027202367783,0.11974163353443146,0.6383154392242432,0.5784446001052856,0.17510785162448883,0.19326137006282806,0.186576709151268,0.2282939851284027
13,S8,BWHvy,local,local,0,local,local,0,0.6081024408340454,0.6136043071746826,0.005501866340637207,0.00027412641793489456,0.0179329514503479,0.6081024408340454,0.6136043071746826,0.20330551266670227,0.206770122051239,0.18859203159809113,0.17962555587291718
14,S1,LatCrit,local,local,0,local,local,0,0.49258577823638916,0.4995361566543579,0.00695037841796875,0.0002939885016530752,0.021499723196029663,0.49258577823638916,0.4995361566543579,0.2765083611011505,0.2657585144042969,0.23090584576129913,0.2347053438425064
14,S1,ComHvy,local,local,0,local,local,0,0.5721131563186646,0.5602220296859741,-0.01189112663269043,0.002086043357849121,0.05135977268218994,0.5721131563186646,0.5602220296859741,0.19878992438316345,0.22446982562541962,0.2290968894958496,0.21530814468860626
14,S1,BWHvy,local,local,0,local,local,0,0.4075203537940979,0.4126296043395996,0.005109250545501709,0.00017011701129376888,0.017126858234405518,0.4075203537940979,0.4126296043395996,0.32012462615966797,0.3115611970424652,0.27235499024391174,0.2758091688156128
14,S2,LatCrit,local,local,0,local,local,0,0.5479642152786255,0.5640408992767334,0.01607668399810791,0.0005528004840016365,0.032153353095054626,0.5479642152786255,0.5640408992767334,0.22157643735408783,0.2112429291009903,0.23045936226844788,0.2247162014245987
14,S2,ComHvy,local,local,0,local,local,0,0.560758113861084,0.5773495435714722,0.016591429710388184,0.0009087361395359039,0.03318287432193756,0.560758113861084,0.5773495435714722,0.23601536452770233,0.23545128107070923,0.20322656631469727,0.187199205160141
14,S2,BWHvy,local,local,0,local,local,0,0.49497705698013306,0.46147942543029785,-0.033497631549835205,0.0035465918481349945,0.07194623351097107,0.49497705698013306,0.46147942543029785,0.25196167826652527,0.287934809923172,0.2530612647533417,0.25058579444885254
14,S3,LatCrit,local,local,0,local,local,0,0.4232780933380127,0.3951267600059509,-0.028151333332061768,0.016403086483478546,0.16269327700138092,0.4232780933380127,0.3951267600059509,0.302884578704834,0.2496892660856247,0.2738373279571533,0.3551839590072632
14,S3,ComHvy,local,local,0,BS1,BS1,0,0.48736047744750977,0.47215157747268677,-0.015208899974822998,0.0006881931331008673,0.034329816699028015,0.48736047744750977,0.47215157747268677,0.3268980085849762,0.3440629243850708,0.18574151396751404,0.18378551304340363
14,S3,BWHvy,local,local,0,BS1,BS1,0,0.4539768099784851,0.48367077112197876,0.029693961143493652,0.0028749220073223114,0.06371739506721497,0.4539768099784851,0.48367077112197876,0.26234379410743713,0.26450851559638977,0.28367939591407776,0.2518206834793091
14,S4,LatCrit,local,local,0,local,local,0,0.5153144598007202,0.5439625978469849,0.02864813804626465,0.0016887001693248749,0.0572962760925293,0.5153144598007202,0.5439625978469849,0.22383959591388702,0.21350041031837463,0.26084595918655396,0.2425370067358017
14,S4,ComHvy,local,local,0,local,local,0,0.5003805160522461,0.4621128439903259,-0.038267672061920166,0.002960801124572754,0.07653534412384033,0.5003805160522461,0.4621128439903259,0.23964831233024597,0.26061543822288513,0.25997117161750793,0.27727171778678894
14,S4,BWHvy,local,local,0,local,local,0,0.5505624413490295,0.5570720434188843,0.006509602069854736,8.953851647675037e-05,0.01301923394203186,0.5505624413490295,0.5570720434188843,0.20783928036689758,0.20393115282058716,0.24159830808639526,0.23899680376052856
14,S5,LatCrit,local,local,0,BS1,BS1,0,0.487591028213501,0.5482284426689148,0.06063741445541382,0.007638540118932724,0.12127484381198883,0.487591028213501,0.5482284426689148,0.24020899832248688,0.21891005337238312,0.27219998836517334,0.2328615039587021
14,S5,ComHvy,local,local,0,local,local,0,0.48385030031204224,0.4746410846710205,-0.009209215641021729,0.0007282057777047157,0.03427806496620178,0.48385030031204224,0.4746410846710205,0.2807409465312958,0.2978799641132355,0.235408753156662,0.22747892141342163
14,S5,BWHvy,local,local,0,local,local,0,0.5587390065193176,0.5691736340522766,0.010434627532958984,0.0008724629878997803,0.03529861569404602,0.5587390065193176,0.5691736340522766,0.2552480697631836,0.23759877681732178,0.18601292371749878,0.193227618932724
14,S6,LatCrit,local,local,0,BS2,BS2,0,0.45534539222717285,0.4619210958480835,0.0065757036209106445,0.0006324052810668945,0.031426116824150085,0.45534539222717285,0.4619210958480835,0.3104327321052551,0.2947196662425995,0.23422187566757202,0.24335922300815582
14,S6,ComHvy,local,local,0,local,local,0,0.5487473011016846,0.530053436756134,-0.018693864345550537,0.0008062664419412613,0.037387728691101074,0.5487473011016846,0.530053436756134,0.2028445601463318,0.20624691247940063,0.24840813875198364,0.26369965076446533
14,S6,BWHvy,local,local,0,local,local,0,0.5459161996841431,0.6063253283500671,0.06040912866592407,0.007651494815945625,0.12081824243068695,0.5459161996841431,0.6063253283500671,0.23420362174510956,0.19847482442855835,0.21988016366958618,0.1951998472213745
14,S7,LatCrit,local,local,0,local,local,0,0.5276024341583252,0.570082426071167,0.0424799919128418,0.004094986245036125,0.08496005833148956,0.5276024341583252,0.570082426071167,0.25925979018211365,0.2451338917016983,0.21313783526420593,0.1847836673259735
14,S7,ComHvy,local,local,0,local,local,0,0.48026585578918457,0.4802926778793335,2.682209014892578e-05,0.0007447237148880959,0.027498751878738403,0.48026585578918457,0.4802926778793335,0.22833874821662903,0.21458935737609863,0.2913954257965088,0.30511796474456787
14,S7,BWHvy,local,local,0,local,local,0,0.5868552923202515,0.5623316764831543,-0.024523615837097168,0.0020059198141098022,0.04994016885757446,0.5868552923202515,0.5623316764831543,0.21874673664569855,0.21830029785633087,0.1943979412317276,0.21936805546283722
14,S8,LatCrit,local,local,0,local,local,0,0.4577246308326721,0.4283454418182373,-0.029379189014434814,0.008805911988019943,0.12288734316825867,0.4577246308326721,0.4283454418182373,0.23010382056236267,0.19803935289382935,0.3121715486049652,0.37361523509025574
14,S8,ComHvy,local,local,0,local,local,0,0.6592398881912231,0.6270114183425903,-0.03222846984863281,0.002918255515396595,0.06445695459842682,0.6592398881912231,0.6270114183425903,0.17161579430103302,0.19952236115932465,0.16914427280426025,0.17346619069576263
14,S8,BWHvy,local,local,0,BS2,local,1,0.5211373567581177,0.541327953338623,0.02019059658050537,0.0009409114718437195,0.04038117825984955,0.5211373567581177,0.541327953338623,0.2083480954170227,0.20469777286052704,0.2705145478248596,0.2539742887020111
15,S1,LatCrit,local,local,0,local,local,0,0.4753730893135071,0.48466575145721436,0.009292662143707275,0.0002346663095522672,0.018585309386253357,0.4753730893135071,0.48466575145721436,0.2870241701602936,0.27800074219703674,0.23760271072387695,0.2373334914445877
15,S1,ComHvy,local,local,0,local,local,0,0.4892579913139343,0.5239105820655823,0.03465259075164795,0.0045134685933589935,0.0788673609495163,0.4892579913139343,0.5239105820655823,0.248190239071846,0.2529713213443756,0.26255178451538086,0.22311809659004211
15,S1,BWHvy,local,local,0,local,local,0,0.48991405963897705,0.4893859624862671,-0.0005280971527099609,6.431760266423225e-05,0.008445456624031067,0.48991405963897705,0.4893859624862671,0.2932691276073456,0.2895745038986206,0.21681679785251617,0.2210395336151123
15,S2,LatCrit,local,local,0,local,local,0,0.559362530708313,0.5041202306747437,-0.055242300033569336,0.00628294050693512,0.11048462986946106,0.559362530708313,0.5041202306747437,0.20016224682331085,0.23197925090789795,0.24047525227069855,0.2639005780220032
15,S2,ComHvy,local,local,0,BS1,BS1,0,0.5038416385650635,0.5033051371574402,-0.000536501407623291,0.0009642140939831734,0.030479177832603455,0.5038416385650635,0.5033051371574402,0.30463907122612,0.3198786675930023,0.19151929020881653,0.1768162101507187
15,S2,BWHvy,local,local,0,local,local,0,0.46597403287887573,0.45801568031311035,-0.00795835256576538,0.0007331045344471931,0.034555718302726746,0.46597403287887573,0.45801568031311035,0.3088435232639313,0.32612136006355286,0.22518247365951538,0.2158629447221756
15,S3,LatCrit,local,local,0,local,local,0,0.548964262008667,0.5382765531539917,-0.010687708854675293,0.00023021968081593513,0.021375402808189392,0.548964262008667,0.5382765531539917,0.19490309059619904,0.19968435168266296,0.25613266229629517,0.26203909516334534
15,S3,ComHvy,local,local,0,local,local,0,0.5141951441764832,0.514883279800415,0.0006881356239318848,0.0011855429038405418,0.0338190495967865,0.5141951441764832,0.514883279800415,0.31052595376968384,0.2936164438724518,0.1752789169549942,0.19150032103061676
15,S3,BWHvy,local,local,0,local,local,0,0.4698743224143982,0.4832245707511902,0.013350248336791992,0.0003870590589940548,0.026700496673583984,0.4698743224143982,0.4832245707511902,0.2690081298351288,0.25948598980903625,0.261117547750473,0.25728943943977356
15,S4,LatCrit,local,local,0,local,local,0,0.5614513158798218,0.541439950466156,-0.02001136541366577,0.0008256705477833748,0.04002274572849274,0.5614513158798218,0.541439950466156,0.223581001162529,0.23581495881080627,0.21496765315532684,0.22274507582187653
15,S4,ComHvy,local,local,0,local,local,0,0.5295772552490234,0.5480160713195801,0.01843881607055664,0.0016294214874505997,0.04369997978210449,0.5295772552490234,0.5480160713195801,0.2712996006011963,0.2747107744216919,0.1991230994462967,0.17727310955524445
15,S4,BWHvy,local,local,0,local,local,0,0.48948144912719727,0.49555641412734985,0.006074965000152588,0.0010665170848369598,0.03627181053161621,0.48948144912719727,0.49555641412734985,0.2219519019126892,0.2038160264492035,0.28856661915779114,0.30062758922576904
15,S5,LatCrit,local,local,0,local,local,0,0.44569671154022217,0.47017985582351685,0.024483144283294678,0.0014395108446478844,0.04896622896194458,0.44569671154022217,0.47017985582351685,0.26878148317337036,0.2492283284664154,0.2855217754840851,0.28059184551239014
15,S5,ComHvy,local,local,0,local,local,0,0.5200510025024414,0.5588871240615845,0.038836121559143066,0.0036405986174941063,0.07767225801944733,0.5200510025024414,0.5588871240615845,0.2417137324810028,0.21115532517433167,0.2382352650165558,0.22995753586292267
15,S5,BWHvy,local,local,0,local,local,0,0.5126397609710693,0.4819539785385132,-0.030685782432556152,0.0023347786627709866,0.06137159466743469,0.5126397609710693,0.4819539785385132,0.23532161116600037,0.2612767517566681,0.2520385980606079,0.2567692697048187
15,S6,LatCrit,local,local,0,BS2,BS2,0,0.42239558696746826,0.4665684700012207,0.04417288303375244,0.005334429442882538,0.0883457362651825,0.42239558696746826,0.4665684700012207,0.34337157011032104,0.33512213826179504,0.2342328280210495,0.19830940663814545
15,S6,ComHvy,local,local,0,local,local,0,0.4546031951904297,0.4526207447052002,-0.001982450485229492,0.000151138287037611,0.014553576707839966,0.4546031951904297,0.4526207447052002,0.2681709825992584,0.2628766596317291,0.2772258222103119,0.28450262546539307
15,S6,BWHvy,local,local,0,local,local,0,0.5545599460601807,0.5623085498809814,0.007748603820800781,0.0010576993227005005,0.03571818768978119,0.5545599460601807,0.5623085498809814,0.23143726587295532,0.24154774844646454,0.214002788066864,0.19614368677139282
15,S7,LatCrit,local,local,0,local,local,0,0.5439982414245605,0.5645569562911987,0.020558714866638184,0.001003216952085495,0.04111741483211517,0.5439982414245605,0.5645569562911987,0.25163570046424866,0.2457691729068756,0.2043660283088684,0.18967385590076447
15,S7,ComHvy,local,local,0,BS2,BS2,0,0.43383437395095825,0.43047434091567993,-0.0033600330352783203,0.0026635918766260147,0.05821077525615692,0.43383437395095825,0.43047434091567993,0.2750478982925415,0.24930255115032196,0.29111772775650024,0.3202231228351593
15,S7,BWHvy,local,local,0,local,local,0,0.4792977571487427,0.5109646320343018,0.03166687488555908,0.002359955571591854,0.06333374977111816,0.4792977571487427,0.5109646320343018,0.19423571228981018,0.17376238107681274,0.32646650075912476,0.3152729570865631
15,S8,LatCrit,local,local,0,BS2,BS2,0,0.4402849078178406,0.40315377712249756,-0.03713113069534302,0.00580226257443428,0.09874624013900757,0.4402849078178406,0.40315377712249756,0.27671629190444946,0.2644743323326111,0.28299880027770996,0.33237195014953613
15,S8,ComHvy,local,local,0,local,local,0,0.48622095584869385,0.45019036531448364,-0.036030590534210205,0.0032381932251155376,0.07206113636493683,0.48622095584869385,0.45019036531448364,0.2791110873222351,0.31215807795524597,0.23466798663139343,0.2376515418291092
15,S8,BWHvy,local,local,0,local,local,0,0.5316004753112793,0.5365399718284607,0.0049394965171813965,0.00010648183524608612,0.013043791055679321,0.5316004753112793,0.5365399718284607,0.18794436752796173,0.1895267516374588,0.28045517206192017,0.2739332616329193
16,S1,LatCrit,local,local,0,local,local,0,0.6061131954193115,0.5961331129074097,-0.009980082511901855,0.0004649488255381584,0.024396643042564392,0.6061131954193115,0.5961331129074097,0.20067039132118225,0.1984521746635437,0.19321638345718384,0.20541472733020782
16,S1,ComHvy,local,local,0,local,local,0,0.5171502828598022,0.5108646750450134,-0.006285607814788818,0.00022745784372091293,0.017861157655715942,0.5171502828598022,0.5108646750450134,0.2616117298603058,0.2589667737483978,0.22123797237873077,0.23016856610774994
16,S1,BWHvy,local,local,0,local,local,0,0.5763746500015259,0.5804112553596497,0.004036605358123779,0.0001855124719440937,0.015363544225692749,0.5763746500015259,0.5804112553596497,0.20728148519992828,0.2109266221523285,0.21634390950202942,0.20866210758686066
16,S2,LatCrit,local,local,0,local,local,0,0.5254416465759277,0.5418927669525146,0.016451120376586914,0.003592556342482567,0.06408993899822235,0.5254416465759277,0.5418927669525146,0.197698712348938,0.1656537503004074,0.2768596112728119,0.29245346784591675
16,S2,ComHvy,local,local,0,local,local,0,0.5056500434875488,0.4824872612953186,-0.023162782192230225,0.001796254888176918,0.04994744062423706,0.5056500434875488,0.4824872612953186,0.2598828375339508,0.2580718696117401,0.23446717858314514,0.2594408690929413
16,S2,BWHvy,local,local,0,local,local,0,0.46472740173339844,0.470508873462677,0.0057814717292785645,0.00015364354476332664,0.015331923961639404,0.46472740173339844,0.470508873462677,0.2661082148551941,0.26799270510673523,0.26916438341140747,0.26149842143058777
16,S3,LatCrit,local,local,0,local,local,0,0.5083317756652832,0.45623618364334106,-0.05209559202194214,0.01116090640425682,0.12701325118541718,0.5083317756652832,0.45623618364334106,0.2827989161014557,0.27138787508010864,0.2088693231344223,0.2723759412765503
16,S3,ComHvy,local,local,0,local,local,0,0.6397880911827087,0.6290528774261475,-0.01073521375656128,0.0005967486649751663,0.02840612828731537,0.6397880911827087,0.6290528774261475,0.2071235030889511,0.2213265746831894,0.15308840572834015,0.14962056279182434
16,S3,BWHvy,local,local,0,BS2,BS2,0,0.4899570941925049,0.4766126275062561,-0.01334446668624878,0.0011869105510413647,0.04204288125038147,0.4899570941925049,0.4766126275062561,0.2334306538105011,0.254452109336853,0.276612251996994,0.26893529295921326
16,S4,LatCrit,local,local,0,local,local,0,0.5507577061653137,0.557687520980835,0.00692981481552124,0.0003332647029310465,0.02141265571117401,0.5507577061653137,0.557687520980835,0.22929197549819946,0.21858566999435425,0.21995030343532562,0.22372683882713318
16,S4,ComHvy,local,local,0,local,local,0,0.5954364538192749,0.5743282437324524,-0.02110821008682251,0.0028299763798713684,0.062374234199523926,0.5954364538192749,0.5743282437324524,0.20175349712371826,0.23294061422348022,0.20281007885932922,0.19273117184638977
16,S4,BWHvy,local,local,0,local,local,0,0.6140817999839783,0.617574155330658,0.0034923553466796875,0.00039730919525027275,0.020409852266311646,0.6140817999839783,0.617574155330658,0.20063349604606628,0.19042856991291046,0.18528470396995544,0.19199727475643158
16,S5,LatCrit,local,local,0,local,local,0,0.4131186604499817,0.4369337558746338,0.0238150954246521,0.001636756700463593,0.047630175948143005,0.4131186604499817,0.4369337558746338,0.26160019636154175,0.2397153228521347,0.3252811133861542,0.3233509063720703
16,S5,ComHvy,local,local,0,local,local,0,0.4222503900527954,0.4403688907623291,0.01811850070953369,0.0011404212564229965,0.04140746593475342,0.4222503900527954,0.4403688907623291,0.2783278226852417,0.2809130549430847,0.2994217872619629,0.2787180542945862
16,S5,BWHvy,local,local,0,local,local,0,0.6229689717292786,0.6530083417892456,0.03003937005996704,0.0026945220306515694,0.06007874011993408,0.6229689717292786,0.6530083417892456,0.17351415753364563,0.14898476004600525,0.2035168707370758,0.19800689816474915
16,S6,LatCrit,local,local,0,local,local,0,0.5315538644790649,0.5681131482124329,0.03655928373336792,0.006435275077819824,0.09318491816520691,0.5315538644790649,0.5681131482124329,0.220233753323555,0.23026691377162933,0.24821239709854126,0.2016199231147766
16,S6,ComHvy,local,local,0,local,local,0,0.4393004775047302,0.45215439796447754,0.012853920459747314,0.00043147988617420197,0.025707900524139404,0.4393004775047302,0.45215439796447754,0.27569299936294556,0.274476021528244,0.2850065529346466,0.27336955070495605
16,S6,BWHvy,local,local,0,BS1,BS1,0,0.5003230571746826,0.5611363649368286,0.060813307762145996,0.00857133325189352,0.12162657082080841,0.5003230571746826,0.5611363649368286,0.26336532831192017,0.21663028001785278,0.23631158471107483,0.2222333699464798
16,S7,LatCrit,local,local,0,BS2,BS2,0,0.44732028245925903,0.4327855110168457,-0.01453477144241333,0.0005320238415151834,0.029069557785987854,0.44732028245925903,0.4327855110168457,0.24305014312267303,0.2548806965351105,0.3096295893192291,0.3123338222503662
16,S7,ComHvy,local,local,0,local,local,0,0.43966013193130493,0.4124894142150879,-0.02717071771621704,0.0034527815878391266,0.07730281352996826,0.43966013193130493,0.4124894142150879,0.26382195949554443,0.25234127044677734,0.29651790857315063,0.33516931533813477
16,S7,BWHvy,local,local,0,local,local,0,0.5222545862197876,0.5454308986663818,0.02317631244659424,0.002351521048694849,0.05595162510871887,0.5222545862197876,0.5454308986663818,0.23563548922538757,0.20765970647335052,0.24210990965366364,0.24690943956375122
16,S8,LatCrit,local,local,0,local,local,0,0.511163592338562,0.5168691873550415,0.005705595016479492,0.00185353122651577,0.04710756242275238,0.511163592338562,0.5168691873550415,0.2492390125989914,0.2256852388381958,0.2395973801612854,0.2574455738067627
16,S8,ComHvy,local,local,0,local,local,0,0.5563178062438965,0.5622556209564209,0.005937814712524414,0.0006172102876007557,0.026176512241363525,0.5563178062438965,0.5622556209564209,0.1838867962360382,0.17079854011535645,0.2597953677177429,0.26694580912590027
16,S8,BWHvy,local,local,0,local,local,0,0.4948151707649231,0.49050068855285645,-0.00431448221206665,3.951508551836014e-05,0.008628934621810913,0.4948151707649231,0.49050068855285645,0.18686912953853607,0.18773247301578522,0.318315714597702,0.32176682353019714
17,S1,LatCrit,local,local,0,local,local,0,0.3954308032989502,0.3948219418525696,-0.0006088614463806152,1.4454126358032227e-06,0.0014179050922393799,0.3954308032989502,0.3948219418525696,0.3349516689777374,0.33485156297683716,0.2696175277233124,0.2703264653682709
17,S1,ComHvy,local,local,0,local,local,0,0.6261124014854431,0.5809900760650635,-0.04512232542037964,0.0042377375066280365,0.09024465084075928,0.6261124014854431,0.5809900760650635,0.18565833568572998,0.20938289165496826,0.1882292479276657,0.20962701737880707
17,S1,BWHvy,local,local,0,local,local,0,0.4882662892341614,0.4977911114692688,0.009524822235107422,0.0009519793093204498,0.037081003189086914,0.4882662892341614,0.4977911114692688,0.2562927007675171,0.23775219917297363,0.2554410398006439,0.26445671916007996
17,S2,LatCrit,local,local,0,local,local,0,0.675225019454956,0.6577639579772949,-0.017461061477661133,0.0007784562185406685,0.03492210805416107,0.675225019454956,0.6577639579772949,0.16378842294216156,0.16844479739665985,0.16098655760288239,0.17379122972488403
17,S2,ComHvy,local,local,0,local,local,0,0.46432024240493774,0.4668499231338501,0.0025296807289123535,2.5481509510427713e-05,0.00627937912940979,0.46432024240493774,0.4668499231338501,0.27778586745262146,0.27464616298675537,0.2578938901424408,0.25850388407707214
17,S2,BWHvy,local,local,0,local,local,0,0.5698363184928894,0.5525984764099121,-0.017237842082977295,0.0006037317216396332,0.034475669264793396,0.5698363184928894,0.5525984764099121,0.22058358788490295,0.22994695603847504,0.20958007872104645,0.21745453774929047
17,S3,LatCrit,local,local,0,local,local,0,0.49601638317108154,0.5069564580917358,0.010940074920654297,0.0052344221621751785,0.0809723287820816,0.49601638317108154,0.5069564580917358,0.26782679557800293,0.22734063863754272,0.23615680634975433,0.26570290327072144
17,S3,ComHvy,local,local,0,local,local,0,0.6184958219528198,0.6263493299484253,0.007853507995605469,0.004714375361800194,0.06164664775133133,0.6184958219528198,0.6263493299484253,0.22785735130310059,0.2508271634578705,0.1536468267440796,0.12282349914312363
17,S3,BWHvy,local,local,0,local,local,0,0.49754589796066284,0.6204026341438293,0.1228567361831665,0.03287966549396515,0.2457135021686554,0.49754589796066284,0.6204026341438293,0.2626122534275055,0.2143521010875702,0.23984186351299286,0.16524524986743927
17,S4,LatCrit,local,local,0,BS1,local,1,0.5125426054000854,0.5499366521835327,0.037394046783447266,0.0028923731297254562,0.07478807866573334,0.5125426054000854,0.5499366521835327,0.2268495410680771,0.21349461376667023,0.26060786843299866,0.23656876385211945
17,S4,ComHvy,local,local,0,local,local,0,0.527459979057312,0.511271595954895,-0.016188383102416992,0.0011314190924167633,0.04048660397529602,0.527459979057312,0.511271595954895,0.24306204915046692,0.2390071451663971,0.22947797179222107,0.24972128868103027
17,S4,BWHvy,local,local,0,local,local,0,0.6282641291618347,0.6314256191253662,0.003161489963531494,0.001581624150276184,0.03702262043952942,0.6282641291618347,0.6314256191253662,0.17928734421730042,0.19463714957237244,0.19244852662086487,0.17393720149993896
17,S5,LatCrit,local,local,0,BS2,BS2,0,0.43069660663604736,0.4410012364387512,0.010304629802703857,0.001094995066523552,0.04087546467781067,0.43069660663604736,0.4410012364387512,0.2958355247974396,0.30596864223480225,0.27346786856651306,0.2530301511287689
17,S5,ComHvy,local,local,0,local,local,0,0.5016871690750122,0.54670649766922,0.045019328594207764,0.004616502672433853,0.09003862738609314,0.5016871690750122,0.54670649766922,0.21967267990112305,0.21038366854190826,0.27864012122154236,0.24290983378887177
17,S5,BWHvy,local,local,0,local,local,0,0.6041446924209595,0.5711038112640381,-0.03304088115692139,0.004847634583711624,0.07255052030086517,0.6041446924209595,0.5711038112640381,0.2503991723060608,0.247164785861969,0.14545615017414093,0.18173140287399292
17,S6,LatCrit,local,local,0,BS1,BS1,0,0.4120591878890991,0.4547663927078247,0.042707204818725586,0.005329508800059557,0.08739587664604187,0.4120591878890991,0.4547663927078247,0.3226766884326935,0.27897876501083374,0.2652641236782074,0.26625487208366394
17,S6,ComHvy,local,local,0,local,local,0,0.5701923370361328,0.5840649008750916,0.01387256383895874,0.001781257800757885,0.04365834593772888,0.5701923370361328,0.5840649008750916,0.17420299351215363,0.15237383544445038,0.25560465455055237,0.26356127858161926
17,S6,BWHvy,local,local,0,local,local,0,0.44106072187423706,0.47272789478302,0.03166717290878296,0.0026079355739057064,0.06333436071872711,0.44106072187423706,0.47272789478302,0.27063488960266113,0.24320946633815765,0.2883043885231018,0.28406262397766113
17,S7,LatCrit,local,local,0,BS1,BS1,0,0.455390989780426,0.4524475932121277,-0.00294339656829834,0.004106782376766205,0.06924363970756531,0.455390989780426,0.4524475932121277,0.2984389364719391,0.33306074142456055,0.24617008864879608,0.21449165046215057
17,S7,ComHvy,local,local,0,local,BS2,1,0.44702035188674927,0.40336090326309204,-0.04365944862365723,0.003933226689696312,0.08731898665428162,0.44702035188674927,0.40336090326309204,0.27112656831741333,0.2946234941482544,0.2818530201911926,0.30201563239097595
17,S7,BWHvy,local,local,0,local,local,0,0.4324510097503662,0.4685158133506775,0.03606480360031128,0.0026326794177293777,0.07212956249713898,0.4324510097503662,0.4685158133506775,0.3573518693447113,0.3330640196800232,0.2101970911026001,0.1984201818704605
17,S8,LatCrit,local,local,0,local,local,0,0.5309983491897583,0.45697730779647827,-0.07402104139328003,0.011043861508369446,0.14804203808307648,0.5309983491897583,0.45697730779647827,0.19770586490631104,0.22472237050533295,0.27129581570625305,0.3183003067970276
17,S8,ComHvy,local,local,0,local,local,0,0.5411267280578613,0.533949613571167,-0.007177114486694336,0.00010777125135064125,0.014354169368743896,0.5411267280578613,0.533949613571167,0.2266034632921219,0.22915954887866974,0.23226985335350037,0.23689082264900208
17,S8,BWHvy,local,local,0,local,local,0,0.4206922650337219,0.4275490641593933,0.006856799125671387,0.000411410816013813,0.025784432888031006,0.4206922650337219,0.4275490641593933,0.2876993417739868,0.29373475909233093,0.29160836338996887,0.27871614694595337
18,S1,LatCrit,local,local,0,local,local,0,0.4511088728904724,0.4511544704437256,4.559755325317383e-05,0.0007168957963585854,0.02802172303199768,0.4511088728904724,0.4511544704437256,0.2643333375453949,0.25032246112823486,0.2845577895641327,0.29852303862571716
18,S1,ComHvy,local,local,0,local,local,0,0.5304198265075684,0.5224312543869019,-0.007988572120666504,0.0013980809599161148,0.04214160144329071,0.5304198265075684,0.5224312543869019,0.2611566185951233,0.24807441234588623,0.20842352509498596,0.2294943481683731
18,S1,BWHvy,local,local,0,local,local,0,0.4915999174118042,0.4989393353462219,0.007339417934417725,0.0002552738878875971,0.01932571828365326,0.4915999174118042,0.4989393353462219,0.25147515535354614,0.24181227385997772,0.25692495703697205,0.25924837589263916
18,S2,LatCrit,local,local,0,local,local,0,0.4924170970916748,0.4714452028274536,-0.02097189426422119,0.00469956174492836,0.08671669661998749,0.4924170970916748,0.4714452028274536,0.2308024764060974,0.20841602981090546,0.2767804265022278,0.3201387822628021
18,S2,ComHvy,local,local,0,BS1,BS1,0,0.4182536005973816,0.4071120023727417,-0.011141598224639893,0.0015266034752130508,0.05014616250991821,0.4182536005973816,0.4071120023727417,0.294848769903183,0.28091731667518616,0.28689759969711304,0.31197071075439453
18,S2,BWHvy,local,local,0,local,local,0,0.5716946721076965,0.5832899212837219,0.01159524917602539,0.0022317739203572273,0.05024145543575287,0.5716946721076965,0.5832899212837219,0.19915112853050232,0.1740303933620453,0.22915421426296234,0.2426796853542328
18,S3,LatCrit,local,local,0,local,local,0,0.5955864191055298,0.6329890489578247,0.03740262985229492,0.005035553593188524,0.08306863903999329,0.5955864191055298,0.6329890489578247,0.2519685924053192,0.21043425798416138,0.1524450033903122,0.15657667815685272
18,S3,ComHvy,local,local,0,local,local,0,0.644433856010437,0.6206088066101074,-0.02382504940032959,0.0016160559607669711,0.04765009880065918,0.644433856010437,0.6206088066101074,0.19614161550998688,0.21820186078548431,0.15942449867725372,0.16118930280208588
18,S3,BWHvy,local,local,0,local,local,0,0.465231716632843,0.49181294441223145,0.026581227779388428,0.002063315361738205,0.05316248536109924,0.465231716632843,0.49181294441223145,0.26421594619750977,0.26359090209007263,0.2705523371696472,0.24459612369537354
18,S4,LatCrit,local,local,0,local,local,0,0.5280964374542236,0.5322332382202148,0.004136800765991211,4.821465699933469e-05,0.008273586630821228,0.5280964374542236,0.5322332382202148,0.22279880940914154,0.21905666589736938,0.24910476803779602,0.24871012568473816
18,S4,ComHvy,local,local,0,local,local,0,0.5122121572494507,0.5095951557159424,-0.0026170015335083008,1.5058438293635845e-05,0.0052340030670166016,0.5122121572494507,0.5095951557159424,0.24571187794208527,0.2476067841053009,0.24207599461078644,0.2427980899810791
18,S4,BWHvy,local,local,0,local,local,0,0.6113954782485962,0.5936537981033325,-0.017741680145263672,0.000825587660074234,0.03548334538936615,0.6113954782485962,0.5936537981033325,0.20309248566627502,0.21836049854755402,0.1855120062828064,0.18798565864562988
18,S5,LatCrit,local,local,0,local,BS1,1,0.5037952661514282,0.4543444514274597,-0.049450814723968506,0.005612925626337528,0.09890159964561462,0.5037952661514282,0.4543444514274597,0.22763457894325256,0.26482295989990234,0.2685701549053192,0.28083255887031555
18,S5,ComHvy,local,local,0,local,local,0,0.5444591641426086,0.5559422373771667,0.011483073234558105,0.0008603278547525406,0.03525523841381073,0.5444591641426086,0.5559422373771667,0.20492956042289734,0.2110741138458252,0.25061124563217163,0.23298363387584686
18,S5,BWHvy,local,local,0,local,local,0,0.5204355716705322,0.5170031785964966,-0.0034323930740356445,0.009823426604270935,0.09960786998271942,0.5204355716705322,0.5170031785964966,0.229834645986557,0.18346312642097473,0.24972976744174957,0.2995337247848511
18,S6,LatCrit,local,local,0,local,local,0,0.4874061942100525,0.5311717391014099,0.04376554489135742,0.0049804747104644775,0.08753107488155365,0.4874061942100525,0.5311717391014099,0.2220773696899414,0.21871177852153778,0.2905164361000061,0.2501164972782135
18,S6,ComHvy,local,local,0,BS1,BS1,0,0.4688031077384949,0.4845077395439148,0.015704631805419922,0.0006513819098472595,0.03140924870967865,0.4688031077384949,0.4845077395439148,0.25029733777046204,0.24916331470012665,0.2808995544910431,0.26632896065711975
18,S6,BWHvy,local,local,0,local,local,0,0.4487875699996948,0.4738007187843323,0.02501314878463745,0.002630813978612423,0.06341707706451416,0.4487875699996948,0.4738007187843323,0.28954148292541504,0.25783294439315796,0.26167094707489014,0.26836633682250977
18,S7,LatCrit,local,local,0,local,local,0,0.48033660650253296,0.44926244020462036,-0.031074166297912598,0.0019547585397958755,0.062148287892341614,0.48033660650253296,0.44926244020462036,0.21651120483875275,0.22774189710617065,0.3031522035598755,0.3229956328868866
18,S7,ComHvy,local,local,0,local,local,0,0.5026903748512268,0.47271066904067993,-0.029979705810546875,0.0018050335347652435,0.05995944142341614,0.5026903748512268,0.47271066904067993,0.24197375774383545,0.2553795576095581,0.25533586740493774,0.27190980315208435
18,S7,BWHvy,local,local,0,local,local,0,0.43434637784957886,0.4932253956794739,0.05887901782989502,0.007012411952018738,0.11775808036327362,0.43434637784957886,0.4932253956794739,0.3381548225879669,0.30638405680656433,0.2274988293647766,0.2003905326128006
18,S8,LatCrit,local,local,0,local,local,0,0.4808385372161865,0.47587448358535767,-0.004964053630828857,0.00015523703768849373,0.01574738323688507,0.4808385372161865,0.47587448358535767,0.248216450214386,0.2453068047761917,0.2709450125694275,0.27881869673728943
18,S8,ComHvy,local,local,0,local,local,0,0.3930397033691406,0.43021488189697266,0.03717517852783203,0.005193999968469143,0.07612274587154388,0.3930397033691406,0.43021488189697266,0.2304624766111374,0.19240111112594604,0.3764978349208832,0.3773840367794037
18,S8,BWHvy,local,local,0,BS2,BS2,0,0.46317046880722046,0.48140597343444824,0.018235504627227783,0.0010336749255657196,0.03647102415561676,0.46317046880722046,0.48140597343444824,0.19853202998638153,0.1825968623161316,0.3382975161075592,0.33599716424942017
19,S1,LatCrit,local,local,0,local,local,0,0.4854480028152466,0.5044660568237305,0.019018054008483887,0.0007549924775958061,0.03803610801696777,0.4854480028152466,0.5044660568237305,0.2913031280040741,0.27781373262405396,0.22324883937835693,0.2177201807498932
19,S1,ComHvy,local,local,0,local,local,0,0.4564060568809509,0.4155885577201843,-0.0408174991607666,0.003915563225746155,0.0816349983215332,0.4564060568809509,0.4155885577201843,0.2898378372192383,0.2989055812358856,0.2537561058998108,0.28550586104393005
19,S1,BWHvy,local,local,0,local,local,0,0.4710737466812134,0.471327006816864,0.00025326013565063477,0.0006699394434690475,0.026848018169403076,0.4710737466812134,0.471327006816864,0.26548707485198975,0.2520630955696106,0.2634391486644745,0.2766099274158478
19,S2,LatCrit,local,local,0,local,local,0,0.5164504051208496,0.5238124132156372,0.007362008094787598,0.0006364011205732822,0.030027613043785095,0.5164504051208496,0.5238124132156372,0.2557351887226105,0.24072140455245972,0.22781436145305634,0.23546618223190308
19,S2,ComHvy,local,local,0,local,local,0,0.6237569451332092,0.6139418482780457,-0.009815096855163574,0.0002564323367550969,0.019630208611488342,0.6237569451332092,0.6139418482780457,0.1973206102848053,0.2056879997253418,0.17892244458198547,0.18037016689777374
19,S2,BWHvy,local,local,0,local,local,0,0.49054306745529175,0.5168757438659668,0.02633267641067505,0.0015267194248735905,0.052665382623672485,0.49054306745529175,0.5168757438659668,0.29345089197158813,0.27268707752227783,0.21600604057312012,0.21043714880943298
19,S3,LatCrit,local,local,0,local,local,0,0.43521350622177124,0.4341346025466919,-0.0010789036750793457,0.0007659606635570526,0.030201897025108337,0.43521350622177124,0.4341346025466919,0.24286289513111115,0.22884082794189453,0.3219236135482788,0.3370245397090912
19,S3,ComHvy,local,local,0,BS1,BS1,0,0.44609105587005615,0.4382014274597168,-0.007889628410339355,0.0017211809754371643,0.049961403012275696,0.44609105587005615,0.4382014274597168,0.36869165301322937,0.3936723470687866,0.18521730601787567,0.16812622547149658
19,S3,BWHvy,local,local,0,local,local,0,0.5090347528457642,0.5551711320877075,0.04613637924194336,0.00428646057844162,0.09227268397808075,0.5090347528457642,0.5551711320877075,0.2758462131023407,0.24972376227378845,0.21511897444725037,0.19510512053966522
19,S4,LatCrit,local,local,0,local,BS2,1,0.5156115293502808,0.5008870363235474,-0.014724493026733398,0.0008307192474603653,0.03573183715343475,0.5156115293502808,0.5008870363235474,0.22783416509628296,0.22469277679920197,0.2565542757511139,0.27442023158073425
19,S4,ComHvy,local,local,0,BS2,local,1,0.560032069683075,0.5817573070526123,0.021725237369537354,0.0017653200775384903,0.04801324009895325,0.560032069683075,0.5817573070526123,0.2091113030910492,0.21139265596866608,0.23085664212703705,0.20684999227523804
19,S4,BWHvy,local,local,0,local,local,0,0.5557759404182434,0.5616966485977173,0.005920708179473877,0.0008265608921647072,0.0322309285402298,0.5557759404182434,0.5616966485977173,0.257129430770874,0.24101394414901733,0.18709465861320496,0.1972893923521042
19,S5,LatCrit,local,local,0,local,local,0,0.571863055229187,0.5618587732315063,-0.010004281997680664,0.00021693669259548187,0.020008563995361328,0.571863055229187,0.5618587732315063,0.24337269365787506,0.24734871089458466,0.18476425111293793,0.190792515873909
19,S5,ComHvy,local,local,0,local,local,0,0.45330530405044556,0.4537379741668701,0.00043267011642456055,0.00011155055835843086,0.011383801698684692,0.45330530405044556,0.4537379741668701,0.3201705515384674,0.31447863578796387,0.22652414441108704,0.23178336024284363
19,S5,BWHvy,local,local,0,local,local,0,0.5856311321258545,0.6001043319702148,0.014473199844360352,0.001194939948618412,0.03962104022502899,0.5856311321258545,0.6001043319702148,0.22053281962871552,0.2007223218679428,0.1938360035419464,0.19917334616184235
19,S6,LatCrit,local,local,0,BS1,BS1,0,0.45795202255249023,0.42345768213272095,-0.03449434041976929,0.006682153791189194,0.10479819774627686,0.45795202255249023,0.42345768213272095,0.2558934986591339,0.30829259753227234,0.28615447878837585,0.2682497203350067
19,S6,ComHvy,local,local,0,local,local,0,0.4223775267601013,0.48799437284469604,0.06561684608459473,0.009534215554594994,0.13123370707035065,0.4223775267601013,0.48799437284469604,0.27277883887290955,0.22776295244693756,0.30484363436698914,0.2842426598072052
19,S6,BWHvy,local,local,0,local,local,0,0.42947453260421753,0.45876258611679077,0.029288053512573242,0.0021822489798069,0.05857613682746887,0.42947453260421753,0.45876258611679077,0.2767934501171112,0.2733110189437866,0.29373201727867126,0.2679263651371002
19,S7,LatCrit,local,local,0,local,local,0,0.4784051179885864,0.4757562279701233,-0.0026488900184631348,1.6657955711707473e-05,0.0052977800369262695,0.4784051179885864,0.4757562279701233,0.2870613634586334,0.28933173418045044,0.23453348875045776,0.23491200804710388
19,S7,ComHvy,local,local,0,local,local,0,0.4147513508796692,0.41315823793411255,-0.0015931129455566406,0.00016776984557509422,0.015122979879379272,0.4147513508796692,0.41315823793411255,0.3307722210884094,0.32480382919311523,0.2544764280319214,0.26203790307044983
19,S7,BWHvy,local,local,0,local,local,0,0.45284348726272583,0.47791463136672974,0.025071144104003906,0.00129005778580904,0.05014228820800781,0.45284348726272583,0.47791463136672974,0.2702024579048157,0.25517934560775757,0.2769540548324585,0.2669060230255127
19,S8,LatCrit,local,local,0,local,local,0,0.535681962966919,0.5539189577102661,0.018236994743347168,0.0006927540525794029,0.03647388517856598,0.535681962966919,0.5539189577102661,0.2389199137687683,0.23167991638183594,0.22539807856082916,0.21440118551254272
19,S8,ComHvy,local,local,0,local,local,0,0.3596101403236389,0.3678699731826782,0.008259832859039307,0.00016493268776685,0.016519665718078613,0.3596101403236389,0.3678699731826782,0.35390472412109375,0.34699547290802,0.28648513555526733,0.28513455390930176
19,S8,BWHvy,local,local,0,local,local,0,0.5289777517318726,0.49483591318130493,-0.03414183855056763,0.0029404223896563053,0.06828372180461884,0.5289777517318726,0.49483591318130493,0.21905666589736938,0.24776117503643036,0.25196555256843567,0.2574029266834259
20,S1,LatCrit,local,local,0,local,local,0,0.48623496294021606,0.4969264268875122,0.010691463947296143,0.002051210030913353,0.054932281374931335,0.48623496294021606,0.4969264268875122,0.32309266924858093,0.29562655091285706,0.19067232310771942,0.20744702219963074
20,S1,ComHvy,local,local,0,local,local,0,0.45176273584365845,0.44464415311813354,-0.007118582725524902,0.0006064102053642273,0.03175048530101776,0.45176273584365845,0.44464415311813354,0.33430004119873047,0.35017526149749756,0.21393723785877228,0.2051805555820465
20,S1,BWHvy,local,local,0,BS2,BS2,0,0.4219754934310913,0.437338650226593,0.015363156795501709,0.0041293129324913025,0.07732994854450226,0.4219754934310913,0.437338650226593,0.2749396562576294,0.23627470433712006,0.3030848205089569,0.3263866603374481
20,S2,LatCrit,local,local,0,local,local,0,0.4115261435508728,0.4641634225845337,0.05263727903366089,0.005897253751754761,0.10527455806732178,0.4115261435508728,0.4641634225845337,0.29485422372817993,0.2600954473018646,0.2936196029186249,0.2757411003112793
20,S2,ComHvy,local,local,0,local,local,0,0.6172481775283813,0.6363622546195984,0.01911407709121704,0.0018250644207000732,0.046324342489242554,0.6172481775283813,0.6363622546195984,0.187355637550354,0.19140373170375824,0.19539618492126465,0.17223401367664337
20,S2,BWHvy,local,local,0,local,local,0,0.4852669835090637,0.5386531352996826,0.053386151790618896,0.006484111770987511,0.10677233338356018,0.4852669835090637,0.5386531352996826,0.23946939408779144,0.20208434760570526,0.27526363730430603,0.2592625021934509
20,S3,LatCrit,local,local,0,local,local,0,0.5278365612030029,0.5188823342323303,-0.008954226970672607,0.01732484996318817,0.13547183573246002,0.5278365612030029,0.5188823342323303,0.22384396195411682,0.16506227850914001,0.24831949174404144,0.31605541706085205
20,S3,ComHvy,local,local,0,local,local,0,0.5605348348617554,0.6285948753356934,0.06806004047393799,0.010195281356573105,0.13612006604671478,0.5605348348617554,0.6285948753356934,0.2655833661556244,0.23291055858135223,0.17388179898262024,0.1384945809841156
20,S3,BWHvy,local,local,0,local,local,0,0.5527671575546265,0.6462374925613403,0.09347033500671387,0.020122507587075233,0.18694067001342773,0.5527671575546265,0.6462374925613403,0.24132367968559265,0.17581093311309814,0.20590916275978088,0.17795157432556152
20,S4,LatCrit,local,local,0,local,local,0,0.5082472562789917,0.5158756375312805,0.007628381252288818,0.00016980379587039351,0.015256717801094055,0.5082472562789917,0.5158756375312805,0.24459275603294373,0.2372334748506546,0.2471599280834198,0.2468908727169037
20,S4,ComHvy,local,local,0,local,local,0,0.5323694944381714,0.5187972187995911,-0.013572275638580322,0.0025410521775484085,0.06021323800086975,0.5323694944381714,0.5187972187995911,0.2248864322900772,0.20835210382938385,0.24274402856826782,0.2728506624698639
20,S4,BWHvy,local,local,0,local,local,0,0.6150773763656616,0.6359333992004395,0.020856022834777832,0.0015815012156963348,0.04171206057071686,0.6150773763656616,0.6359333992004395,0.21145938336849213,0.21047483384609222,0.17346322536468506,0.15359173715114594
20,S5,LatCrit,local,local,0,BS1,local,1,0.4278169870376587,0.444504976272583,0.016687989234924316,0.0006103897467255592,0.03337597846984863,0.4278169870376587,0.444504976272583,0.2802388668060303,0.26858416199684143,0.29194414615631104,0.28691086173057556
20,S5,ComHvy,local,local,0,local,local,0,0.5769349336624146,0.6230204105377197,0.046085476875305176,0.006296996027231216,0.09217092394828796,0.5769349336624146,0.6230204105377197,0.19952550530433655,0.1953665167093277,0.2235395461320877,0.18161308765411377
20,S5,BWHvy,local,local,0,local,local,0,0.6701430082321167,0.711857795715332,0.04171478748321533,0.01994110643863678,0.1344616711139679,0.6701430082321167,0.711857795715332,0.18172819912433624,0.11449740082025528,0.14812876284122467,0.17364484071731567
20,S6,LatCrit,local,local,0,local,local,0,0.5719116926193237,0.5886396169662476,0.016727924346923828,0.000716367969289422,0.03345578908920288,0.5719116926193237,0.5886396169662476,0.2110653519630432,0.19754454493522644,0.21702291071414948,0.2138158529996872
20,S6,ComHvy,local,local,0,local,local,0,0.5484139919281006,0.6031729578971863,0.05475896596908569,0.007124761119484901,0.10951797664165497,0.5484139919281006,0.6031729578971863,0.21507373452186584,0.1762135624885559,0.23651231825351715,0.2206134796142578
20,S6,BWHvy,local,local,0,local,local,0,0.5023658275604248,0.4340112805366516,-0.0683545470237732,0.011695455759763718,0.136709064245224,0.5023658275604248,0.4340112805366516,0.22948743402957916,0.23425351083278656,0.2681467533111572,0.33173519372940063
20,S7,LatCrit,local,local,0,local,local,0,0.49897128343582153,0.5013865232467651,0.0024152398109436035,0.0012082327157258987,0.036739692091941833,0.49897128343582153,0.5013865232467651,0.2560131251811981,0.2719677686691284,0.24501557648181915,0.22664576768875122
20,S7,ComHvy,local,local,0,BS2,BS2,0,0.4775159955024719,0.4914778470993042,0.013961851596832275,0.00041218753904104233,0.027923673391342163,0.4775159955024719,0.4914778470993042,0.2778805196285248,0.2681228816509247,0.2446034699678421,0.2403992861509323
20,S7,BWHvy,local,local,0,local,local,0,0.42593950033187866,0.45919519662857056,0.033255696296691895,0.005667105317115784,0.09591388702392578,0.42593950033187866,0.45919519662857056,0.31802573800086975,0.27006879448890686,0.2560347616672516,0.2707360088825226
20,S8,LatCrit,local,local,0,local,local,0,0.4780130386352539,0.4932277798652649,0.015214741230010986,0.002380608581006527,0.05743977427482605,0.4780130386352539,0.4932277798652649,0.24544291198253632,0.2167230099439621,0.27654406428337097,0.2900491952896118
20,S8,ComHvy,local,local,0,local,local,0,0.4649893045425415,0.4841631054878235,0.019173800945281982,0.0019212272018194199,0.05410356819629669,0.4649893045425415,0.4841631054878235,0.25896549224853516,0.2668434679508209,0.27604520320892334,0.2489934116601944
20,S8,BWHvy,local,local,0,local,local,0,0.5634312629699707,0.5715945959091187,0.00816333293914795,0.0014345115050673485,0.03946617245674133,0.5634312629699707,0.5715945959091187,0.18792131543159485,0.168188214302063,0.24864745140075684,0.26021718978881836
21,S1,LatCrit,local,local,0,local,local,0,0.40471869707107544,0.38864845037460327,-0.016070246696472168,0.0005414714105427265,0.032140493392944336,0.40471869707107544,0.38864845037460327,0.3417898118495941,0.3505762219429016,0.25349149107933044,0.2607753276824951
21,S1,ComHvy,local,local,0,local,local,0,0.43349605798721313,0.5014890432357788,0.06799298524856567,0.009274570271372795,0.13598594069480896,0.43349605798721313,0.5014890432357788,0.3521603047847748,0.31057092547416687,0.21434365212917328,0.1879400759935379
21,S1,BWHvy,local,local,0,local,local,0,0.47133052349090576,0.505367636680603,0.034037113189697266,0.0035053270403295755,0.06812003254890442,0.47133052349090576,0.505367636680603,0.27164432406425476,0.23758429288864136,0.2570251524448395,0.2570480406284332
21,S2,LatCrit,local,local,0,local,local,0,0.4555100202560425,0.43568187952041626,-0.01982814073562622,0.0008334638550877571,0.03965631127357483,0.4555100202560425,0.43568187952041626,0.26718640327453613,0.28018173575401306,0.277303546667099,0.2841363847255707
21,S2,ComHvy,local,local,0,local,local,0,0.5426251292228699,0.4968249797821045,-0.04580014944076538,0.004401620477437973,0.09160029888153076,0.5426251292228699,0.4968249797821045,0.2209101766347885,0.2505051791667938,0.2364646941423416,0.2526698410511017
21,S2,BWHvy,local,local,0,local,local,0,0.4757513999938965,0.490877628326416,0.015126228332519531,0.000835902988910675,0.0361749529838562,0.4757513999938965,0.490877628326416,0.29338449239730835,0.27529701590538025,0.23086410760879517,0.23382535576820374
21,S3,LatCrit,local,local,0,local,local,0,0.5127254724502563,0.5747702121734619,0.062044739723205566,0.007835041731595993,0.12408941984176636,0.5127254724502563,0.5747702121734619,0.22644193470478058,0.20025338232517242,0.2608325779438019,0.22497645020484924
21,S3,ComHvy,BS1,local,1,BS1,BS1,0,0.40456706285476685,0.46870625019073486,0.06413918733596802,0.009539224207401276,0.13654159009456635,0.4004354476928711,0.46870625019073486,0.40456706285476685,0.35400986671447754,0.19499750435352325,0.17728391289710999
21,S3,BWHvy,local,local,0,local,local,0,0.5142678022384644,0.4932587742805481,-0.02100902795791626,0.0012151040136814117,0.04201805591583252,0.5142678022384644,0.4932587742805481,0.2702663242816925,0.27262169122695923,0.21546582877635956,0.2341194897890091
21,S4,LatCrit,local,local,0,local,local,0,0.49227696657180786,0.49817001819610596,0.005893051624298096,0.0009158533066511154,0.03510928153991699,0.49227696657180786,0.49817001819610596,0.24340306222438812,0.25506463646888733,0.2643199861049652,0.24676533043384552
21,S4,ComHvy,local,local,0,local,BS2,1,0.48796021938323975,0.46566909551620483,-0.022291123867034912,0.0022027939558029175,0.06154765188694,0.48796021938323975,0.46566909551620483,0.21848931908607483,0.21000660955905914,0.2935504615306854,0.32432428002357483
21,S4,BWHvy,local,local,0,local,local,0,0.49016129970550537,0.48116636276245117,-0.0089949369430542,0.00016239844262599945,0.017989829182624817,0.49016129970550537,0.48116636276245117,0.296705961227417,0.3016453683376312,0.21313275396823883,0.21718823909759521
21,S5,LatCrit,local,local,0,local,local,0,0.5394063591957092,0.5326564311981201,-0.006749927997589111,0.0012614596635103226,0.038976266980171204,0.5394063591957092,0.5326564311981201,0.2623165249824524,0.2495783269405365,0.19827711582183838,0.21776525676250458
21,S5,ComHvy,local,local,0,local,local,0,0.5582634210586548,0.5603775978088379,0.0021141767501831055,0.0006121853366494179,0.024986207485198975,0.5582634210586548,0.5603775978088379,0.21504974365234375,0.20255662500858307,0.22668685019016266,0.23706576228141785
21,S5,BWHvy,local,local,0,local,local,0,0.5318494439125061,0.5154509544372559,-0.016398489475250244,0.000716562382876873,0.03279697895050049,0.5318494439125061,0.5154509544372559,0.2521650791168213,0.2676446735858917,0.2159854769706726,0.21690437197685242
21,S6,LatCrit,local,local,0,local,BS2,1,0.5162713527679443,0.4604451656341553,-0.05582618713378906,0.006853412836790085,0.11165229976177216,0.5162713527679443,0.4604451656341553,0.22297461330890656,0.26218467950820923,0.2607540786266327,0.2773701250553131
21,S6,ComHvy,local,local,0,BS2,BS2,0,0.496539831161499,0.5200392603874207,0.02349942922592163,0.0012472942471504211,0.046998798847198486,0.496539831161499,0.5200392603874207,0.21203643083572388,0.19652360677719116,0.2914237082004547,0.28343716263771057
21,S6,BWHvy,local,local,0,BS1,BS1,0,0.4909868836402893,0.44353026151657104,-0.04745662212371826,0.005284673534333706,0.09491324424743652,0.4909868836402893,0.44353026151657104,0.2456735074520111,0.2836616337299347,0.2633396089076996,0.27280810475349426
21,S7,LatCrit,local,local,0,local,local,0,0.5883244276046753,0.5793329477310181,-0.008991479873657227,0.00019051204435527325,0.017982974648475647,0.5883244276046753,0.5793329477310181,0.2212156355381012,0.22832630574703217,0.1904599517583847,0.19234077632427216
21,S7,ComHvy,local,local,0,local,local,0,0.5443934202194214,0.5650267004966736,0.020633280277252197,0.0009212074801325798,0.04126653075218201,0.5443934202194214,0.5650267004966736,0.2370021641254425,0.22973494231700897,0.21860438585281372,0.20523835718631744
21,S7,BWHvy,local,local,0,local,local,0,0.49002349376678467,0.45459479093551636,-0.03542870283126831,0.002522950991988182,0.07085740566253662,0.49002349376678467,0.45459479093551636,0.2547689378261566,0.27284500002861023,0.2552075684070587,0.2725602090358734
21,S8,LatCrit,local,local,0,local,local,0,0.5569268465042114,0.5508359670639038,-0.006090879440307617,0.00020868796855211258,0.0176660418510437,0.5569268465042114,0.5508359670639038,0.1990923285484314,0.19635023176670074,0.2439807802438736,0.25281384587287903
21,S8,ComHvy,local,local,0,local,local,0,0.43625062704086304,0.41111671924591064,-0.025133907794952393,0.002121502533555031,0.05206038057804108,0.43625062704086304,0.41111671924591064,0.33313795924186707,0.33224165439605713,0.2306114286184311,0.25664159655570984
21,S8,BWHvy,local,local,0,local,local,0,0.48027461767196655,0.5077793598175049,0.02750474214553833,0.0015477705746889114,0.05500943958759308,0.48027461767196655,0.5077793598175049,0.24932852387428284,0.23329950869083405,0.2703968584537506,0.25892117619514465
22,S1,LatCrit,local,local,0,local,local,0,0.5021737217903137,0.5075275897979736,0.005353868007659912,0.0004886575043201447,0.026288151741027832,0.5021737217903137,0.5075275897979736,0.27080684900283813,0.2576628029346466,0.22701941430568695,0.23480965197086334
22,S1,ComHvy,local,local,0,local,local,0,0.4664589762687683,0.508090615272522,0.04163163900375366,0.00347793847322464,0.08326324820518494,0.4664589762687683,0.508090615272522,0.288197785615921,0.2671966552734375,0.24534326791763306,0.2247127890586853
22,S1,BWHvy,local,local,0,BS1,BS1,0,0.44215208292007446,0.4166409373283386,-0.02551114559173584,0.0016679409891366959,0.051022276282310486,0.44215208292007446,0.4166409373283386,0.31057116389274597,0.31468918919563293,0.24727676808834076,0.26866987347602844
22,S2,LatCrit,local,local,0,local,local,0,0.3814711570739746,0.40882283449172974,0.027351677417755127,0.002916217315942049,0.06358318030834198,0.3814711570739746,0.40882283449172974,0.2804049253463745,0.24861331284046173,0.33812394738197327,0.34256383776664734
22,S2,ComHvy,local,local,0,BS2,BS2,0,0.5127512216567993,0.5324206352233887,0.019669413566589355,0.0010506466496735811,0.03933878242969513,0.5127512216567993,0.5324206352233887,0.23576916754245758,0.21841208636760712,0.2514795958995819,0.2491673082113266
22,S2,BWHvy,local,local,0,BS1,BS1,0,0.40264445543289185,0.40558087825775146,0.002936422824859619,0.0032066479325294495,0.06447741389274597,0.40264445543289185,0.40558087825775146,0.3139541447162628,0.28171542286872864,0.2834014594554901,0.3127037286758423
22,S3,LatCrit,local,local,0,local,local,0,0.538368821144104,0.5178807973861694,-0.02048802375793457,0.002287212759256363,0.058985546231269836,0.538368821144104,0.5178807973861694,0.22565998136997223,0.21665522456169128,0.23597121238708496,0.2654639780521393
22,S3,ComHvy,local,local,0,local,local,0,0.47155457735061646,0.5025774240493774,0.031022846698760986,0.0037329252809286118,0.07931406795978546,0.47155457735061646,0.5025774240493774,0.3326665163040161,0.293009489774704,0.19577890634536743,0.20441310107707977
22,S3,BWHvy,local,local,0,local,local,0,0.4647815227508545,0.46120887994766235,-0.0035726428031921387,0.00044790003448724747,0.025029152631759644,0.4647815227508545,0.46120887994766235,0.26153647899627686,0.25259456038475037,0.27368196845054626,0.2861965596675873
22,S4,LatCrit,local,local,0,local,local,0,0.5133510231971741,0.5103187561035156,-0.0030322670936584473,0.0003984319046139717,0.02243983745574951,0.5133510231971741,0.5103187561035156,0.2500774562358856,0.2612973749637604,0.2365715354681015,0.2283838838338852
22,S4,ComHvy,local,local,0,local,local,0,0.5346812605857849,0.5366909503936768,0.0020096898078918457,0.0009676134213805199,0.03173041343688965,0.5346812605857849,0.5366909503936768,0.23253072798252106,0.21666552126407623,0.23278801143169403,0.246643528342247
22,S4,BWHvy,local,local,0,local,local,0,0.5865952968597412,0.6086210012435913,0.022025704383850098,0.0010127071291208267,0.044051364064216614,0.5865952968597412,0.6086210012435913,0.21356713771820068,0.2025814652442932,0.1998375505208969,0.18879756331443787
22,S5,LatCrit,local,local,0,BS1,BS1,0,0.39398205280303955,0.4376770853996277,0.043695032596588135,0.007086664903908968,0.10201036930084229,0.39398205280303955,0.4376770853996277,0.3089096248149872,0.25790444016456604,0.29710832238197327,0.3044184744358063
22,S5,ComHvy,local,local,0,local,local,0,0.5886667966842651,0.6106337308883667,0.021966934204101562,0.0011849747970700264,0.04393391311168671,0.5886667966842651,0.6106337308883667,0.19909079372882843,0.18276047706604004,0.21224243938922882,0.20660577714443207
22,S5,BWHvy,local,local,0,BS2,BS2,0,0.5862909555435181,0.5999426245689392,0.013651669025421143,0.0025818031281232834,0.05384872853755951,0.5862909555435181,0.5999426245689392,0.1961914449930191,0.16926705837249756,0.21751761436462402,0.23079028725624084
22,S6,LatCrit,local,local,0,local,local,0,0.6602030396461487,0.6548362970352173,-0.0053667426109313965,0.0004355628043413162,0.021888449788093567,0.6602030396461487,0.6548362970352173,0.1539171040058136,0.1483396291732788,0.1858798712491989,0.1968241035938263
22,S6,ComHvy,local,local,0,local,local,0,0.5334655046463013,0.5133239030838013,-0.0201416015625,0.0008834325708448887,0.04028309881687164,0.5334655046463013,0.5133239030838013,0.2054355889558792,0.21851247549057007,0.2610989809036255,0.2681635916233063
22,S6,BWHvy,local,local,0,local,local,0,0.4608144164085388,0.4070674777030945,-0.053746938705444336,0.008224200457334518,0.10749390721321106,0.4608144164085388,0.4070674777030945,0.2893449068069458,0.2907559275627136,0.249840646982193,0.3021765947341919
22,S7,LatCrit,local,local,0,local,local,0,0.5052095651626587,0.5100482702255249,0.004838705062866211,0.000298929400742054,0.020360156893730164,0.5052095651626587,0.5100482702255249,0.24215976893901825,0.23197966814041138,0.25263065099716187,0.25797200202941895
22,S7,ComHvy,local,local,0,local,local,0,0.5006842613220215,0.5162758827209473,0.015591621398925781,0.0015993481501936913,0.04706525802612305,0.5006842613220215,0.5162758827209473,0.23857693374156952,0.21504433453083038,0.2607387602329254,0.26867979764938354
22,S7,BWHvy,local,local,0,local,local,0,0.5340777635574341,0.5306808948516846,-0.0033968687057495117,0.0015890933573246002,0.0417838990688324,0.5340777635574341,0.5306808948516846,0.22908978164196014,0.24998176097869873,0.2368324249982834,0.2193373739719391
22,S8,LatCrit,local,local,0,local,local,0,0.4735028147697449,0.5013386011123657,0.02783578634262085,0.00900544784963131,0.109321728348732,0.4735028147697449,0.5013386011123657,0.25086647272109985,0.19620557129383087,0.27563074231147766,0.3024557828903198
22,S8,ComHvy,local,local,0,local,local,0,0.5414067506790161,0.5678063631057739,0.026399612426757812,0.0023740732576698065,0.05540846288204193,0.5414067506790161,0.5678063631057739,0.2383587658405304,0.21065452694892883,0.2202344834804535,0.22153909504413605
22,S8,BWHvy,local,local,0,local,local,0,0.5175257921218872,0.5103400945663452,-0.007185697555541992,0.0027465354651212692,0.058245956897735596,0.5175257921218872,0.5103400945663452,0.20383593440055847,0.18189868330955505,0.2786382734775543,0.3077612817287445
23,S1,LatCrit,local,local,0,BS1,BS1,0,0.46042877435684204,0.45544350147247314,-0.0049852728843688965,0.00013386481441557407,0.014823198318481445,0.46042877435684204,0.45544350147247314,0.2839409112930298,0.2913525104522705,0.2556302845478058,0.25320395827293396
23,S1,ComHvy,local,local,0,local,local,0,0.46278369426727295,0.5462895035743713,0.08350580930709839,0.01398744061589241,0.16701161861419678,0.46278369426727295,0.5462895035743713,0.3255646824836731,0.27514147758483887,0.21165165305137634,0.17856904864311218
23,S1,BWHvy,local,local,0,local,local,0,0.5093954801559448,0.5137749910354614,0.0043795108795166016,0.000112160574644804,0.012965619564056396,0.5093954801559448,0.5137749910354614,0.23653747141361237,0.23864075541496277,0.254067063331604,0.2475842386484146
23,S2,LatCrit,local,local,0,local,local,0,0.5026794672012329,0.45853281021118164,-0.04414665699005127,0.003911590203642845,0.08829329907894135,0.5026794672012329,0.45853281021118164,0.23147134482860565,0.251528799533844,0.26584920287132263,0.28993839025497437
23,S2,ComHvy,local,local,0,BS2,BS2,0,0.5112769603729248,0.4866446256637573,-0.02463233470916748,0.0014603710733354092,0.04926466941833496,0.5112769603729248,0.4866446256637573,0.2253563106060028,0.2448543906211853,0.2633667290210724,0.2685009837150574
23,S2,BWHvy,local,local,0,local,BS2,1,0.45743823051452637,0.4620654582977295,0.004627227783203125,0.002853885293006897,0.05966681241989136,0.45743823051452637,0.4620654582977295,0.2888237237930298,0.2589903175830841,0.25373804569244385,0.2789442241191864
23,S3,LatCrit,local,local,0,local,local,0,0.5612874031066895,0.585436224937439,0.02414882183074951,0.02340926229953766,0.15549033880233765,0.5612874031066895,0.585436224937439,0.20702028274536133,0.26061660051345825,0.23169231414794922,0.153947114944458
23,S3,ComHvy,local,local,0,BS1,local,1,0.45385801792144775,0.4877951145172119,0.03393709659576416,0.0026026773266494274,0.06787417829036713,0.45385801792144775,0.4877951145172119,0.32550692558288574,0.29700663685798645,0.2206350862979889,0.21519829332828522
23,S3,BWHvy,local,local,0,local,local,0,0.5539646744728088,0.5490128993988037,-0.004951775074005127,0.00017475290223956108,0.014611974358558655,0.5539646744728088,0.5490128993988037,0.26282384991645813,0.2604696452617645,0.18321146070957184,0.19051745533943176
23,S4,LatCrit,local,local,0,local,local,0,0.5151211023330688,0.5150675773620605,-5.352497100830078e-05,9.752996265888214e-05,0.009712815284729004,0.5151211023330688,0.5150675773620605,0.26941990852355957,0.27427634596824646,0.2154589742422104,0.21065612137317657
23,S4,ComHvy,local,local,0,local,local,0,0.42291635274887085,0.4543676972389221,0.03145134449005127,0.0041642384603619576,0.07599776983261108,0.42291635274887085,0.4543676972389221,0.2678173780441284,0.22981849312782288,0.30926626920700073,0.315813809633255
23,S4,BWHvy,local,local,0,BS1,BS1,0,0.46269911527633667,0.46514344215393066,0.002444326877593994,0.002261718735098839,0.051566049456596375,0.46269911527633667,0.46514344215393066,0.3061477541923523,0.2803647220134735,0.23115314543247223,0.2544918358325958
23,S5,LatCrit,local,local,0,BS2,BS2,0,0.4510325789451599,0.42164069414138794,-0.029391884803771973,0.0030747614800930023,0.0683625340461731,0.4510325789451599,0.42164069414138794,0.28411370515823364,0.27932432293891907,0.26485371589660645,0.299034982919693
23,S5,ComHvy,local,local,0,local,local,0,0.568632185459137,0.5996084213256836,0.03097623586654663,0.006185014732182026,0.08292609453201294,0.568632185459137,0.5996084213256836,0.19528359174728394,0.15382055938243866,0.2360842227935791,0.24657104909420013
23,S5,BWHvy,local,local,0,local,local,0,0.5183143615722656,0.5053871870040894,-0.01292717456817627,0.0019358089193701744,0.05397120118141174,0.5183143615722656,0.5053871870040894,0.26170575618743896,0.28869134187698364,0.21997994184494019,0.2059215009212494
23,S6,LatCrit,local,local,0,local,local,0,0.5101326704025269,0.5077531337738037,-0.0023795366287231445,0.0011222753673791885,0.03548672795295715,0.5101326704025269,0.5077531337738037,0.2434571087360382,0.2612004578113556,0.24641026556491852,0.2310464233160019
23,S6,ComHvy,local,local,0,local,local,0,0.4867557883262634,0.4967890977859497,0.01003330945968628,0.000866931863129139,0.03576579689979553,0.4867557883262634,0.4967890977859497,0.2594897747039795,0.24160689115524292,0.2537544071674347,0.2616040110588074
23,S6,BWHvy,local,local,0,local,local,0,0.4706379175186157,0.45764750242233276,-0.012990415096282959,0.00479542650282383,0.08329935371875763,0.4706379175186157,0.45764750242233276,0.27602651715278625,0.31767621636390686,0.253335565328598,0.22467632591724396
23,S7,LatCrit,local,local,0,local,local,0,0.48401445150375366,0.5109007358551025,0.026886284351348877,0.001926823752000928,0.053772568702697754,0.48401445150375366,0.5109007358551025,0.2515995502471924,0.22794750332832336,0.26438599824905396,0.2611517608165741
23,S7,ComHvy,local,local,0,local,local,0,0.5484602451324463,0.5627273917198181,0.014267146587371826,0.00041283201426267624,0.02853432297706604,0.5484602451324463,0.5627273917198181,0.21846573054790497,0.21140475571155548,0.23307402431964874,0.22586782276630402
23,S7,BWHvy,local,local,0,local,local,0,0.4341581463813782,0.4055810570716858,-0.028577089309692383,0.005238957703113556,0.09162506461143494,0.4341581463813782,0.4055810570716858,0.24826279282569885,0.2940753400325775,0.317579060792923,0.3003436326980591
23,S8,LatCrit,local,local,0,local,local,0,0.5405892133712769,0.5109078884124756,-0.02968132495880127,0.001912753563374281,0.05936266481876373,0.5405892133712769,0.5109078884124756,0.24214476346969604,0.2639676034450531,0.21726597845554352,0.22512447834014893
23,S8,ComHvy,local,local,0,local,local,0,0.39611124992370605,0.39060014486312866,-0.005511105060577393,0.001421349123120308,0.045860499143600464,0.39611124992370605,0.39060014486312866,0.3279556334018707,0.3105365037918091,0.27593308687210083,0.29886335134506226
23,S8,BWHvy,local,local,0,local,local,0,0.4982280731201172,0.490776002407074,-0.007452070713043213,0.00021142535842955112,0.01766115427017212,0.4982280731201172,0.490776002407074,0.2516985833644867,0.26052916049957275,0.2500733435153961,0.24869483709335327
24,S1,LatCrit,local,local,0,local,local,0,0.49834346771240234,0.49928879737854004,0.0009453296661376953,0.00024325121194124222,0.016525790095329285,0.49834346771240234,0.49928879737854004,0.2757563591003418,0.26749345660209656,0.22590015828609467,0.23321771621704102
24,S1,ComHvy,local,local,0,local,local,0,0.4870784878730774,0.488284170627594,0.0012056827545166016,9.854673407971859e-06,0.003780677914619446,0.4870784878730774,0.488284170627594,0.27316150069236755,0.2738461494445801,0.23976002633571625,0.23786967992782593
24,S1,BWHvy,local,local,0,local,local,0,0.5907224416732788,0.55072420835495,-0.03999823331832886,0.003855466842651367,0.0799964964389801,0.5907224416732788,0.55072420835495,0.22445912659168243,0.2342439442873001,0.18481840193271637,0.21503184735774994
24,S2,LatCrit,local,local,0,local,local,0,0.46070152521133423,0.4687999486923218,0.008098423480987549,0.0013735415413975716,0.04328957200050354,0.46070152521133423,0.4687999486923218,0.2497466504573822,0.22810187935829163,0.28955182433128357,0.303098201751709
24,S2,ComHvy,local,local,0,local,local,0,0.4827015995979309,0.4894842505455017,0.006782650947570801,0.0006527500227093697,0.030224427580833435,0.4827015995979309,0.4894842505455017,0.26879194378852844,0.27712148427963257,0.24850648641586304,0.23339425027370453
24,S2,BWHvy,local,local,0,BS1,BS1,0,0.45716845989227295,0.471254825592041,0.014086365699768066,0.0008196283597499132,0.03480559587478638,0.45716845989227295,0.471254825592041,0.26963672041893005,0.25223392248153687,0.273194819688797,0.2765112519264221
24,S3,LatCrit,local,local,0,local,local,0,0.5573593974113464,0.5084863901138306,-0.04887300729751587,0.006061889231204987,0.09774605929851532,0.5573593974113464,0.5084863901138306,0.2228301763534546,0.22883453965187073,0.21981041133403778,0.2626791000366211
24,S3,ComHvy,local,local,0,local,local,0,0.581325888633728,0.5757250785827637,-0.0056008100509643555,0.0001612342894077301,0.013662666082382202,0.581325888633728,0.5757250785827637,0.24512962996959686,0.2438991218805313,0.1735444813966751,0.1803758293390274
24,S3,BWHvy,local,local,0,local,local,0,0.4731428027153015,0.48186182975769043,0.008719027042388916,0.0012434711679816246,0.04233106970787048,0.4731428027153015,0.48186182975769043,0.2716212570667267,0.25045573711395264,0.2552359104156494,0.26768243312835693
24,S4,LatCrit,local,local,0,local,local,0,0.5890473127365112,0.5948690176010132,0.005821704864501953,0.0002803076058626175,0.018842443823814392,0.5890473127365112,0.5948690176010132,0.20310568809509277,0.20670519769191742,0.2078470140695572,0.1984257847070694
24,S4,ComHvy,local,local,0,local,local,0,0.44791871309280396,0.440748929977417,-0.007169783115386963,0.00030194222927093506,0.021988362073898315,0.44791871309280396,0.440748929977417,0.2817842364311218,0.27795982360839844,0.2702970802783966,0.28129124641418457
24,S4,BWHvy,local,local,0,local,local,0,0.5602627396583557,0.5789142847061157,0.01865154504776001,0.0008119195699691772,0.037303075194358826,0.5602627396583557,0.5789142847061157,0.2142111212015152,0.2006150186061859,0.2255261391401291,0.22047071158885956
24,S5,LatCrit,BS1,local,1,BS1,BS1,0,0.3528105318546295,0.3779519200325012,0.025141388177871704,0.003381921909749508,0.07747983932495117,0.33921200037002563,0.3779519200325012,0.3528105318546295,0.3256658911705017,0.30797746777534485,0.29638218879699707
24,S5,ComHvy,local,local,0,local,local,0,0.5447088479995728,0.5574236512184143,0.012714803218841553,0.0003924621269106865,0.025429651141166687,0.5447088479995728,0.5574236512184143,0.2131221443414688,0.20343144237995148,0.24216905236244202,0.23914490640163422
24,S5,BWHvy,local,local,0,local,local,0,0.5550746321678162,0.5720124244689941,0.01693779230117798,0.004311567172408104,0.07230661809444427,0.5550746321678162,0.5720124244689941,0.22454102337360382,0.1883877068758011,0.22038434445858002,0.23959985375404358
24,S6,LatCrit,local,local,0,local,local,0,0.6423537731170654,0.649194598197937,0.006840825080871582,0.00012235576286911964,0.013681665062904358,0.6423537731170654,0.649194598197937,0.1775497943162918,0.17600375413894653,0.18009643256664276,0.17480163276195526
24,S6,ComHvy,local,local,0,local,BS2,1,0.47121137380599976,0.4276179075241089,-0.04359346628189087,0.004126120358705521,0.08718693256378174,0.47121137380599976,0.4276179075241089,0.24329307675361633,0.2542175054550171,0.2854955494403839,0.318164587020874
24,S6,BWHvy,local,local,0,local,local,0,0.4602108597755432,0.44813787937164307,-0.012072980403900146,0.0007559694349765778,0.034427106380462646,0.4602108597755432,0.44813787937164307,0.2803983986377716,0.27525782585144043,0.2593907415866852,0.2766042947769165
24,S7,LatCrit,local,local,0,local,local,0,0.4558337926864624,0.43537312746047974,-0.020460665225982666,0.0010027466341853142,0.040921300649642944,0.4558337926864624,0.43537312746047974,0.28938570618629456,0.3069617748260498,0.2547805607318878,0.25766512751579285
24,S7,ComHvy,local,local,0,local,local,0,0.46873050928115845,0.4602048993110657,-0.008525609970092773,0.0014273487031459808,0.04626604914665222,0.46873050928115845,0.4602048993110657,0.2521294951438904,0.23752209544181824,0.2791399657726288,0.3022730052471161
24,S7,BWHvy,local,local,0,local,local,0,0.5339137315750122,0.5658544301986694,0.03194069862365723,0.002368273213505745,0.06388141214847565,0.5339137315750122,0.5658544301986694,0.20893189311027527,0.20240575075149536,0.2571544349193573,0.2317398637533188
24,S8,LatCrit,local,local,0,local,local,0,0.5127103328704834,0.5080002546310425,-0.004710078239440918,0.002587653696537018,0.05467882752418518,0.5127103328704834,0.5080002546310425,0.21646736562252045,0.19383804500102997,0.27082231640815735,0.29816174507141113
24,S8,ComHvy,local,local,0,local,local,0,0.5025737285614014,0.47164076566696167,-0.030932962894439697,0.0023617707192897797,0.06186595559120178,0.5025737285614014,0.47164076566696167,0.2416357696056366,0.24550354480743408,0.25579047203063965,0.28285568952560425
24,S8,BWHvy,local,local,0,BS2,BS2,0,0.5193049907684326,0.5109462738037109,-0.00835871696472168,0.0008154399693012238,0.03501260280609131,0.5193049907684326,0.5109462738037109,0.20938904583454132,0.20024149119853973,0.27130594849586487,0.2888122797012329
25,S1,LatCrit,local,local,0,local,local,0,0.5105727910995483,0.5332542657852173,0.022681474685668945,0.0010319622233510017,0.0453629344701767,0.5105727910995483,0.5332542657852173,0.2523406445980072,0.24088145792484283,0.23708654940128326,0.22586427628993988
25,S1,ComHvy,local,local,0,local,local,0,0.47067028284072876,0.48892706632614136,0.018256783485412598,0.0007294993847608566,0.036513566970825195,0.47067028284072876,0.48892706632614136,0.2836058735847473,0.2777232229709625,0.24572385847568512,0.2333497256040573
25,S1,BWHvy,local,local,0,local,local,0,0.586024284362793,0.5697406530380249,-0.016283631324768066,0.0005781175568699837,0.03256727755069733,0.586024284362793,0.5697406530380249,0.1981123387813568,0.20872093737125397,0.21586337685585022,0.22153842449188232
25,S2,LatCrit,local,local,0,local,local,0,0.4618356227874756,0.45207512378692627,-0.009760499000549316,0.0024775508791208267,0.060554489493370056,0.4618356227874756,0.45207512378692627,0.22372686862945557,0.20321013033390045,0.31443747878074646,0.3447147309780121
25,S2,ComHvy,local,local,0,local,local,0,0.45506972074508667,0.45402705669403076,-0.0010426640510559082,0.0010102372616529465,0.03386595845222473,0.45506972074508667,0.45402705669403076,0.23511770367622375,0.2192273736000061,0.3098125755786896,0.32674553990364075
25,S2,BWHvy,local,local,0,BS2,BS2,0,0.43198490142822266,0.44144028425216675,0.009455382823944092,0.003044441342353821,0.06340421736240387,0.43198490142822266,0.44144028425216675,0.2498892992734909,0.21818718314170837,0.31812581419944763,0.3403725326061249
25,S3,LatCrit,local,local,0,local,local,0,0.613670825958252,0.6143823862075806,0.0007115602493286133,0.00028138700872659683,0.01464197039604187,0.613670825958252,0.6143823862075806,0.24215897917747498,0.2487684041261673,0.14417023956775665,0.13684925436973572
25,S3,ComHvy,local,local,0,local,local,0,0.5122708082199097,0.47901034355163574,-0.033260464668273926,0.0022310838103294373,0.06652095913887024,0.5122708082199097,0.47901034355163574,0.25060588121414185,0.2655104100704193,0.2371232807636261,0.25547924637794495
25,S3,BWHvy,local,BS1,1,local,local,0,0.3943173885345459,0.369363933801651,-0.024953454732894897,0.005276855081319809,0.09866511821746826,0.3943173885345459,0.34498482942581177,0.3411995470523834,0.369363933801651,0.2644830644130707,0.28565123677253723
25,S4,LatCrit,local,local,0,local,BS2,1,0.5146545171737671,0.46973055601119995,-0.04492396116256714,0.004456778988242149,0.08984796702861786,0.5146545171737671,0.46973055601119995,0.2533104717731476,0.2657967805862427,0.23203496634960175,0.2644726634025574
25,S4,ComHvy,local,local,0,local,local,0,0.4922816753387451,0.47792768478393555,-0.01435399055480957,0.0005000755190849304,0.028708025813102722,0.4922816753387451,0.47792768478393555,0.2447662055492401,0.24684377014636993,0.2629520893096924,0.2752285599708557
25,S4,BWHvy,local,local,0,local,local,0,0.5525391101837158,0.5351088047027588,-0.01743030548095703,0.0007067844271659851,0.034860581159591675,0.5525391101837158,0.5351088047027588,0.22820116579532623,0.23230086266994476,0.21925973892211914,0.23259031772613525
25,S5,LatCrit,local,local,0,BS2,BS2,0,0.43411606550216675,0.4446231722831726,0.01050710678100586,0.00024067680351436138,0.02101421356201172,0.43411606550216675,0.4446231722831726,0.25747042894363403,0.2505629062652588,0.3084135353565216,0.304813951253891
25,S5,ComHvy,local,local,0,local,local,0,0.4658253788948059,0.48444056510925293,0.01861518621444702,0.0008189668878912926,0.037230342626571655,0.4658253788948059,0.48444056510925293,0.16951234638690948,0.15845297276973724,0.3646622896194458,0.3571065068244934
25,S5,BWHvy,local,local,0,local,local,0,0.5631536245346069,0.521902322769165,-0.041251301765441895,0.004945419728755951,0.0825025886297226,0.5631536245346069,0.521902322769165,0.2355637550354004,0.2378534972667694,0.20128265023231506,0.24024419486522675
25,S6,LatCrit,local,local,0,local,local,0,0.6702184081077576,0.672310471534729,0.0020920634269714355,0.0010402100160717964,0.02817031741142273,0.6702184081077576,0.672310471534729,0.14828729629516602,0.16028037667274475,0.18149428069591522,0.16740910708904266
25,S6,ComHvy,local,local,0,local,local,0,0.46725499629974365,0.45531797409057617,-0.01193702220916748,0.000918777659535408,0.03719659149646759,0.46725499629974365,0.45531797409057617,0.23948244750499725,0.25808075070381165,0.2932625114917755,0.2866012454032898
25,S6,BWHvy,local,local,0,local,local,0,0.5123875141143799,0.5042661428451538,-0.008121371269226074,0.0031365491449832916,0.06089656054973602,0.5123875141143799,0.5042661428451538,0.2952432930469513,0.27291640639305115,0.19236917793750763,0.22281748056411743
25,S7,LatCrit,local,local,0,local,local,0,0.4589812159538269,0.44180572032928467,-0.017175495624542236,0.0015341751277446747,0.051037222146987915,0.4589812159538269,0.44180572032928467,0.25164565443992615,0.24330255389213562,0.28937312960624695,0.3148917555809021
25,S7,ComHvy,local,local,0,local,local,0,0.5660130381584167,0.5706027746200562,0.004589736461639404,0.0003611939027905464,0.02126067876815796,0.5660130381584167,0.5706027746200562,0.2059827297925949,0.21202333271503448,0.22800421714782715,0.21737387776374817
25,S7,BWHvy,local,local,0,local,local,0,0.4583641290664673,0.47200077772140503,0.013636648654937744,0.0021758675575256348,0.05427919328212738,0.4583641290664673,0.47200077772140503,0.3049975335597992,0.31850045919418335,0.23663835227489471,0.20949873328208923
25,S8,LatCrit,local,local,0,local,local,0,0.5201214551925659,0.5307804346084595,0.010658979415893555,0.000554780475795269,0.027387037873268127,0.5201214551925659,0.5307804346084595,0.25209879875183105,0.25513333082199097,0.22777977585792542,0.21408624947071075
25,S8,ComHvy,local,local,0,local,local,0,0.5316792726516724,0.5456435680389404,0.013964295387268066,0.005511393770575523,0.08022195100784302,0.5316792726516724,0.5456435680389404,0.22810691595077515,0.18799589574337006,0.24021385610103607,0.26636049151420593
25,S8,BWHvy,local,local,0,local,local,0,0.5821477770805359,0.6026617288589478,0.020513951778411865,0.0010558143258094788,0.04102790355682373,0.5821477770805359,0.6026617288589478,0.181498721241951,0.16679224371910095,0.23635350167751312,0.2305460274219513
26,S1,LatCrit,local,local,0,local,local,0,0.46563780307769775,0.48353445529937744,0.017896652221679688,0.0013031796552240849,0.045019686222076416,0.46563780307769775,0.48353445529937744,0.28899577260017395,0.26648592948913574,0.2453664392232895,0.249979630112648
26,S1,ComHvy,local,local,0,local,local,0,0.5592667460441589,0.533216118812561,-0.0260506272315979,0.0016388846561312675,0.052101269364356995,0.5592667460441589,0.533216118812561,0.24672314524650574,0.26941826939582825,0.19401009380817413,0.19736561179161072
26,S1,BWHvy,local,local,0,local,local,0,0.6136829853057861,0.6065527200698853,-0.007130265235900879,0.0001210295595228672,0.014260515570640564,0.6136829853057861,0.6065527200698853,0.20688146352767944,0.20901232957839966,0.17943553626537323,0.1844349205493927
26,S2,LatCrit,local,local,0,local,local,0,0.6065080761909485,0.5710654258728027,-0.03544265031814575,0.0031813550740480423,0.07088534533977509,0.6065080761909485,0.5710654258728027,0.21810877323150635,0.22596938908100128,0.17538315057754517,0.20296522974967957
26,S2,ComHvy,local,local,0,local,local,0,0.5494954586029053,0.5425583124160767,-0.006937146186828613,0.0002790573053061962,0.02039453387260437,0.5494954586029053,0.5425583124160767,0.24180375039577484,0.252001017332077,0.20870082080364227,0.2054407000541687
26,S2,BWHvy,local,local,0,local,local,0,0.5365082621574402,0.508750319480896,-0.02775794267654419,0.0016818009316921234,0.055515870451927185,0.5365082621574402,0.508750319480896,0.2155272513628006,0.22245252132415771,0.2479645013809204,0.2687971591949463
26,S3,LatCrit,local,local,0,local,local,0,0.5007789134979248,0.4771919846534729,-0.023586928844451904,0.0025020483881235123,0.06132768094539642,0.5007789134979248,0.4771919846534729,0.26274505257606506,0.25566813349723816,0.23647604882717133,0.26713988184928894
26,S3,ComHvy,local,local,0,local,local,0,0.5742762088775635,0.5615780353546143,-0.012698173522949219,0.0004631449992302805,0.02539636194705963,0.5742762088775635,0.5615780353546143,0.22961188852787018,0.2419547140598297,0.19611188769340515,0.19646725058555603
26,S3,BWHvy,local,local,0,local,local,0,0.48698127269744873,0.5524294972419739,0.06544822454452515,0.00860876590013504,0.1308964490890503,0.48698127269744873,0.5524294972419739,0.24490854144096375,0.21316038072109222,0.2681101858615875,0.2344101220369339
26,S4,LatCrit,local,local,0,local,local,0,0.5329864025115967,0.5575151443481445,0.02452874183654785,0.0012232046574354172,0.04905743896961212,0.5329864025115967,0.5575151443481445,0.2421674281358719,0.23073641955852509,0.22484612464904785,0.21174843609333038
26,S4,ComHvy,local,local,0,local,local,0,0.44171375036239624,0.4227663278579712,-0.01894742250442505,0.0008527981117367744,0.0378948450088501,0.44171375036239624,0.4227663278579712,0.28417542576789856,0.2878367006778717,0.2741108536720276,0.2893970012664795
26,S4,BWHvy,local,local,0,local,local,0,0.5965102910995483,0.6077311635017395,0.011220872402191162,0.00028650532476603985,0.022441789507865906,0.5965102910995483,0.6077311635017395,0.20779478549957275,0.19991125166416168,0.1956949532032013,0.19235756993293762
26,S5,LatCrit,local,local,0,local,local,0,0.4732375741004944,0.47069311141967773,-0.0025444626808166504,0.00042347609996795654,0.023413628339767456,0.4732375741004944,0.47069311141967773,0.26093849539756775,0.27264532446861267,0.26582393050193787,0.256661593914032
26,S5,ComHvy,local,local,0,local,local,0,0.4288586378097534,0.4278731942176819,-0.0009854435920715332,2.5878252927213907e-06,0.0019708573818206787,0.4288586378097534,0.4278731942176819,0.28803712129592896,0.2889411151409149,0.2831042408943176,0.2831856608390808
26,S5,BWHvy,local,local,0,local,local,0,0.5551255345344543,0.5637073516845703,0.008581817150115967,0.0020842179656028748,0.050264790654182434,0.5551255345344543,0.5637073516845703,0.2506476044654846,0.2255152463912964,0.19422681629657745,0.2107774317264557
26,S6,LatCrit,local,local,0,local,local,0,0.4870358109474182,0.5197714567184448,0.03273564577102661,0.0021467525511980057,0.06547127664089203,0.4870358109474182,0.5197714567184448,0.24886935949325562,0.2337178736925125,0.26409482955932617,0.24651068449020386
26,S6,ComHvy,local,local,0,local,BS2,1,0.42174506187438965,0.41055482625961304,-0.011190235614776611,0.0017138291150331497,0.0533812940120697,0.42174506187438965,0.41055482625961304,0.27429699897766113,0.2587965726852417,0.3039579391479492,0.3306485712528229
26,S6,BWHvy,local,local,0,local,local,0,0.45126670598983765,0.5043476819992065,0.053080976009368896,0.005767352879047394,0.10616199672222137,0.45126670598983765,0.5043476819992065,0.285970002412796,0.2530282437801361,0.2627633213996887,0.24262405931949615
26,S7,LatCrit,local,local,0,local,local,0,0.4957183599472046,0.44702738523483276,-0.048690974712371826,0.005286869592964649,0.09738190472126007,0.4957183599472046,0.44702738523483276,0.2670624852180481,0.3053168058395386,0.2372191846370697,0.24765579402446747
26,S7,ComHvy,local,local,0,local,local,0,0.3974810242652893,0.36045241355895996,-0.037028610706329346,0.0036947987973690033,0.0740571916103363,0.3974810242652893,0.36045241355895996,0.28436943888664246,0.2858341336250305,0.3181495666503906,0.3537134528160095
26,S7,BWHvy,local,local,0,local,local,0,0.4708443880081177,0.4844287037849426,0.013584315776824951,0.0004781488096341491,0.027168631553649902,0.4708443880081177,0.4844287037849426,0.2766285538673401,0.2643097937107086,0.25252705812454224,0.25126150250434875
26,S8,LatCrit,local,local,0,BS2,BS2,0,0.5345211625099182,0.488710880279541,-0.0458102822303772,0.004688378423452377,0.09162057936191559,0.5345211625099182,0.488710880279541,0.18661275506019592,0.19356991350650787,0.2788660526275635,0.3177191913127899
26,S8,ComHvy,local,local,0,local,local,0,0.49850863218307495,0.4621545076370239,-0.036354124546051025,0.0029488522559404373,0.07270820438861847,0.49850863218307495,0.4621545076370239,0.2630781829357147,0.2728857100009918,0.2384132295846939,0.26495978236198425
26,S8,BWHvy,local,local,0,local,local,0,0.5125885009765625,0.5245442390441895,0.011955738067626953,0.000452795356977731,0.023911550641059875,0.5125885009765625,0.5245442390441895,0.2123575061559677,0.2010045051574707,0.27505403757095337,0.27445122599601746
27,S1,LatCrit,local,local,0,local,local,0,0.5225919485092163,0.5368810296058655,0.01428908109664917,0.0006159640615805984,0.03020477294921875,0.5225919485092163,0.5368810296058655,0.28013667464256287,0.2650342583656311,0.1972714215517044,0.19808469712734222
27,S1,ComHvy,local,local,0,local,local,0,0.6088729500770569,0.577395498752594,-0.03147745132446289,0.00256437249481678,0.06295493245124817,0.6088729500770569,0.577395498752594,0.21017219126224518,0.21621064841747284,0.18095485866069794,0.20639388263225555
27,S1,BWHvy,local,local,0,local,local,0,0.5272408723831177,0.5289290547370911,0.0016881823539733887,7.216492667794228e-05,0.009492933750152588,0.5272408723831177,0.5289290547370911,0.22518876194953918,0.2204422801733017,0.24757041037082672,0.25062867999076843
27,S2,LatCrit,local,local,0,local,local,0,0.5129866600036621,0.5287233591079712,0.015736699104309082,0.0017038751393556595,0.048892542719841,0.5129866600036621,0.5287233591079712,0.24365352094173431,0.2192072719335556,0.24335981905460358,0.2520694136619568
27,S2,ComHvy,local,local,0,local,local,0,0.5013672709465027,0.5125157833099365,0.011148512363433838,0.00034010852687060833,0.022296994924545288,0.5013672709465027,0.5125157833099365,0.24371348321437836,0.23359863460063934,0.25491923093795776,0.2538855969905853
27,S2,BWHvy,local,local,0,local,local,0,0.4502958059310913,0.4341135621070862,-0.016182243824005127,0.0011457670480012894,0.04440508782863617,0.4502958059310913,0.4341135621070862,0.245456263422966,0.23943594098091125,0.3042479455471039,0.3264504671096802
27,S3,LatCrit,local,local,0,local,local,0,0.45324110984802246,0.43268585205078125,-0.02055525779724121,0.014418333768844604,0.14529737830162048,0.45324110984802246,0.43268585205078125,0.27841541171073914,0.2263219952583313,0.268343448638916,0.34099215269088745
27,S3,ComHvy,local,local,0,local,local,0,0.502174973487854,0.5383122563362122,0.036137282848358154,0.005794823169708252,0.08831378817558289,0.502174973487854,0.5383122563362122,0.2476757913827896,0.2556954324245453,0.2501491904258728,0.20599232614040375
27,S3,BWHvy,local,local,0,local,local,0,0.49694210290908813,0.5535504817962646,0.056608378887176514,0.006683023646473885,0.11321669816970825,0.49694210290908813,0.5535504817962646,0.26367539167404175,0.22713489830493927,0.23938247561454773,0.21931464970111847
27,S4,LatCrit,local,local,0,local,local,0,0.5223903656005859,0.5274049043655396,0.005014538764953613,0.0019964929670095444,0.047280892729759216,0.5223903656005859,0.5274049043655396,0.22997140884399414,0.20633096992969513,0.2476382553577423,0.2662641704082489
27,S4,ComHvy,local,local,0,local,local,0,0.5622419118881226,0.5600292086601257,-0.002212703227996826,1.0236166417598724e-05,0.004425376653671265,0.5622419118881226,0.5600292086601257,0.2306586354970932,0.23207582533359528,0.20709948241710663,0.207894966006279
27,S4,BWHvy,local,local,0,local,local,0,0.538453221321106,0.5510520935058594,0.012598872184753418,0.0005185240879654884,0.02519775927066803,0.538453221321106,0.5510520935058594,0.24279867112636566,0.24273261427879333,0.21874810755252838,0.2062152773141861
27,S5,LatCrit,local,local,0,local,local,0,0.5386786460876465,0.544634222984314,0.0059555768966674805,0.0008276514708995819,0.03284728527069092,0.5386786460876465,0.544634222984314,0.18740135431289673,0.19786939024925232,0.27392005920410156,0.2574963867664337
27,S5,ComHvy,local,local,0,local,local,0,0.4512817859649658,0.48086488246917725,0.029583096504211426,0.0034256242215633392,0.07477165758609772,0.4512817859649658,0.48086488246917725,0.22815461456775665,0.23595735430717468,0.32056358456611633,0.28317776322364807
27,S5,BWHvy,local,local,0,local,local,0,0.5992000102996826,0.6104211807250977,0.011221170425415039,0.013261895626783371,0.10881686210632324,0.5992000102996826,0.6104211807250977,0.2001563310623169,0.14574788510799408,0.20064368844032288,0.24383093416690826
27,S6,LatCrit,local,local,0,local,local,0,0.5731351375579834,0.5853447914123535,0.012209653854370117,0.00035640131682157516,0.02441929280757904,0.5731351375579834,0.5853447914123535,0.21310481429100037,0.2038310170173645,0.21376006305217743,0.21082422137260437
27,S6,ComHvy,local,local,0,local,local,0,0.44330406188964844,0.46902191638946533,0.025717854499816895,0.0021147269289940596,0.05640491843223572,0.44330406188964844,0.46902191638946533,0.30626940727233887,0.2780669629573822,0.2504265010356903,0.25291112065315247
27,S6,BWHvy,local,local,0,local,local,0,0.4914764165878296,0.4823276400566101,-0.009148776531219482,0.004715051501989365,0.07805337011814117,0.4914764165878296,0.4823276400566101,0.2557424306869507,0.22586454451084137,0.2527811527252197,0.2918078601360321
27,S7,LatCrit,local,local,0,BS2,BS2,0,0.47623467445373535,0.4300879240036011,-0.04614675045013428,0.0057350462302565575,0.09229353070259094,0.47623467445373535,0.4300879240036011,0.26587504148483276,0.3102557361125946,0.2578902542591095,0.2596563398838043
27,S7,ComHvy,local,local,0,local,local,0,0.44554752111434937,0.412991464138031,-0.03255605697631836,0.0021710526198148727,0.06511208415031433,0.44554752111434937,0.412991464138031,0.2640833258628845,0.2798820436000824,0.2903691530227661,0.3071264624595642
27,S7,BWHvy,local,local,0,local,local,0,0.38972896337509155,0.43241405487060547,0.042685091495513916,0.004482723772525787,0.08537015318870544,0.38972896337509155,0.43241405487060547,0.34530651569366455,0.3349091112613678,0.2649644911289215,0.23267683386802673
27,S8,LatCrit,local,local,0,local,local,0,0.5051983594894409,0.5066858530044556,0.0014874935150146484,1.032289583235979e-05,0.003745660185813904,0.5051983594894409,0.5066858530044556,0.22398458421230316,0.2221117615699768,0.2708170413970947,0.2712023854255676
27,S8,ComHvy,local,local,0,BS2,BS2,0,0.4333686828613281,0.454367995262146,0.02099931240081787,0.0008981768041849136,0.04199868440628052,0.4333686828613281,0.454367995262146,0.23804177343845367,0.22795651853084564,0.3285895884037018,0.31767547130584717
27,S8,BWHvy,local,local,0,local,local,0,0.5431835651397705,0.5198649168014526,-0.02331864833831787,0.0013938341289758682,0.046637341380119324,0.5431835651397705,0.5198649168014526,0.18113075196743011,0.1818697452545166,0.2756856679916382,0.29826536774635315
28,S1,LatCrit,local,local,0,local,local,0,0.45651066303253174,0.5100557804107666,0.05354511737823486,0.006217397749423981,0.10709019005298615,0.45651066303253174,0.5100557804107666,0.31124597787857056,0.2703768014907837,0.23224331438541412,0.2195674180984497
28,S1,ComHvy,local,local,0,local,local,0,0.5202860832214355,0.5129522085189819,-0.007333874702453613,0.002542635425925255,0.05629637837409973,0.5202860832214355,0.5129522085189819,0.24071985483169556,0.26886802911758423,0.23899410665035248,0.21817977726459503
28,S1,BWHvy,local,local,0,local,local,0,0.4610709547996521,0.4802403450012207,0.019169390201568604,0.001055548433214426,0.03833875060081482,0.4610709547996521,0.4802403450012207,0.2840525209903717,0.26501768827438354,0.2548764944076538,0.25474196672439575
28,S2,LatCrit,local,local,0,local,local,0,0.4869442582130432,0.4672292470932007,-0.01971501111984253,0.0018722345121204853,0.05076843500137329,0.4869442582130432,0.4672292470932007,0.21206523478031158,0.23744945228099823,0.3009905219078064,0.2953213155269623
28,S2,ComHvy,local,local,0,local,local,0,0.467917799949646,0.4758428931236267,0.007925093173980713,0.0007791351526975632,0.034261494874954224,0.467917799949646,0.4758428931236267,0.253651887178421,0.2628575563430786,0.2784302830696106,0.2612995505332947
28,S2,BWHvy,local,local,0,local,local,0,0.4982149004936218,0.4786209464073181,-0.01959395408630371,0.0016808826476335526,0.05356465280056,0.4982149004936218,0.4786209464073181,0.21016322076320648,0.2029748558998108,0.2916218638420105,0.3184041976928711
28,S3,LatCrit,local,local,0,BS1,local,1,0.5317074060440063,0.5570722818374634,0.02536487579345703,0.0013042110949754715,0.05072975158691406,0.5317074060440063,0.5570722818374634,0.26579272747039795,0.25240838527679443,0.2024998664855957,0.1905193328857422
28,S3,ComHvy,local,BS1,1,BS2,BS2,0,0.38933390378952026,0.338093101978302,-0.05124080181121826,0.0068025775253772736,0.1048206090927124,0.38933390378952026,0.33692359924316406,0.3269323706626892,0.338093101978302,0.2837337255477905,0.32498329877853394
28,S3,BWHvy,local,local,0,BS1,BS1,0,0.36201608180999756,0.34739500284194946,-0.014621078968048096,0.0011449530720710754,0.04398143291473389,0.36201608180999756,0.34739500284194946,0.33400312066078186,0.326633483171463,0.3039807975292206,0.3259715139865875
28,S4,LatCrit,local,local,0,BS1,BS1,0,0.42027831077575684,0.39244163036346436,-0.02783668041229248,0.0016123969107866287,0.05567336082458496,0.42027831077575684,0.39244163036346436,0.27517199516296387,0.2883492708206177,0.3045496940612793,0.31920909881591797
28,S4,ComHvy,local,local,0,local,local,0,0.5347176790237427,0.5404466390609741,0.005728960037231445,0.002348056063055992,0.0511273592710495,0.5347176790237427,0.5404466390609741,0.2324993908405304,0.20693573355674744,0.23278291523456573,0.25261765718460083
28,S4,BWHvy,local,local,0,local,local,0,0.5258399248123169,0.4821808934211731,-0.0436590313911438,0.0038416143506765366,0.08731810748577118,0.5258399248123169,0.4821808934211731,0.2139015644788742,0.23638230562210083,0.2602584958076477,0.28143683075904846
28,S5,LatCrit,local,local,0,local,local,0,0.6337065696716309,0.644999623298645,0.01129305362701416,0.0006527677178382874,0.029076114296913147,0.6337065696716309,0.644999623298645,0.15309302508831024,0.15633803606033325,0.2132003903388977,0.19866234064102173
28,S5,ComHvy,local,local,0,local,local,0,0.451654851436615,0.4337332248687744,-0.017921626567840576,0.0007756873965263367,0.03584325313568115,0.451654851436615,0.4337332248687744,0.23416180908679962,0.23587648570537567,0.3141833245754242,0.3303902745246887
28,S5,BWHvy,local,local,0,local,local,0,0.4475633502006531,0.3830758333206177,-0.0644875168800354,0.00869765505194664,0.1289750039577484,0.4475633502006531,0.3830758333206177,0.29149329662323,0.32111361622810364,0.26094338297843933,0.2958105504512787
28,S6,LatCrit,local,local,0,local,local,0,0.5489911437034607,0.5090559720993042,-0.039935171604156494,0.004035621881484985,0.07987038791179657,0.5489911437034607,0.5090559720993042,0.2588186264038086,0.2668558955192566,0.1921902298927307,0.2240881770849228
28,S6,ComHvy,local,local,0,local,local,0,0.4912406802177429,0.48911964893341064,-0.0021210312843322754,0.0008874405175447464,0.03205576539039612,0.4912406802177429,0.48911964893341064,0.26438045501708984,0.25047358870506287,0.24437889456748962,0.2604067623615265
28,S6,BWHvy,local,local,0,local,local,0,0.5088675022125244,0.4861927628517151,-0.022674739360809326,0.0011437758803367615,0.04534947872161865,0.5088675022125244,0.4861927628517151,0.25152140855789185,0.257569283246994,0.23961108922958374,0.2562379539012909
28,S7,LatCrit,local,local,0,BS2,BS2,0,0.4773702621459961,0.48963338136672974,0.012263119220733643,0.0003037024289369583,0.02452625334262848,0.4773702621459961,0.48963338136672974,0.23844873905181885,0.2320408672094345,0.28418099880218506,0.27832573652267456
28,S7,ComHvy,local,local,0,local,local,0,0.5454446077346802,0.5527279376983643,0.007283329963684082,0.0005412101745605469,0.02778005599975586,0.5454446077346802,0.5527279376983643,0.19309912621974945,0.19970585405826569,0.2614562511444092,0.24756625294685364
28,S7,BWHvy,local,local,0,local,local,0,0.5085468292236328,0.4917593002319336,-0.01678752899169922,0.0007734303362667561,0.03357510268688202,0.5085468292236328,0.4917593002319336,0.27142244577407837,0.28806155920028687,0.22003069519996643,0.22017915546894073
28,S8,LatCrit,local,local,0,local,local,0,0.5191843509674072,0.5060486793518066,-0.013135671615600586,0.00034531671553850174,0.026271313428878784,0.5191843509674072,0.5060486793518066,0.23381797969341278,0.2401379644870758,0.24699766933918,0.25381332635879517
28,S8,ComHvy,local,local,0,local,local,0,0.4912322163581848,0.5202595591545105,0.029027342796325684,0.0021824389696121216,0.058054715394973755,0.4912322163581848,0.5202595591545105,0.23011994361877441,0.22756069898605347,0.27864784002304077,0.25217971205711365
28,S8,BWHvy,local,local,0,local,local,0,0.47140175104141235,0.4640214443206787,-0.007380306720733643,0.0002952059730887413,0.022025465965270996,0.47140175104141235,0.4640214443206787,0.2469567507505417,0.24332432448863983,0.28164148330688477,0.29265421628952026
29,S1,LatCrit,local,local,0,local,local,0,0.5527479648590088,0.559457540512085,0.006709575653076172,0.003058740869164467,0.057662755250930786,0.5527479648590088,0.559457540512085,0.23232202231884003,0.20349059998989105,0.21493005752563477,0.2370518147945404
29,S1,ComHvy,local,local,0,local,local,0,0.5194865465164185,0.48995935916900635,-0.02952718734741211,0.0031220014207065105,0.07106152176856995,0.5194865465164185,0.48995935916900635,0.2683817744255066,0.30391252040863037,0.21213167905807495,0.2061280906200409
29,S1,BWHvy,local,local,0,BS2,BS2,0,0.39353758096694946,0.4072812795639038,0.013743698596954346,0.0006525946082547307,0.03045755624771118,0.39353758096694946,0.4072812795639038,0.2898693382740021,0.2746405601501465,0.31659308075904846,0.3180781602859497
29,S2,LatCrit,local,local,0,local,local,0,0.39897119998931885,0.40593791007995605,0.006966710090637207,0.00022121774964034557,0.017602339386940002,0.39897119998931885,0.40593791007995605,0.2537141442298889,0.24491296708583832,0.34731465578079224,0.34914910793304443
29,S2,ComHvy,local,local,0,local,local,0,0.49231094121932983,0.49570244550704956,0.0033915042877197266,0.00010659289546310902,0.011892005801200867,0.49231094121932983,0.49570244550704956,0.2146676927804947,0.20872169733047485,0.2930213510990143,0.2955758571624756
29,S2,BWHvy,local,local,0,local,local,0,0.4853193163871765,0.5010738968849182,0.0157545804977417,0.0028099585324525833,0.05917435884475708,0.4853193163871765,0.5010738968849182,0.2144676148891449,0.18488043546676636,0.300213098526001,0.3140456974506378
29,S3,LatCrit,local,local,0,local,local,0,0.5072208046913147,0.5302841663360596,0.023063361644744873,0.0023599928244948387,0.06306621432304382,0.5072208046913147,0.5302841663360596,0.3232046067714691,0.291671484708786,0.16957460343837738,0.17804433405399323
29,S3,ComHvy,local,local,0,local,BS2,1,0.47129207849502563,0.40562373399734497,-0.06566834449768066,0.009846393018960953,0.13133668899536133,0.47129207849502563,0.40562373399734497,0.27182504534721375,0.2870648503303528,0.2568828761577606,0.30731141567230225
29,S3,BWHvy,local,local,0,BS2,BS2,0,0.4254569411277771,0.4212615489959717,-0.00419539213180542,0.0005677919834852219,0.029087424278259277,0.4254569411277771,0.4212615489959717,0.28690266609191895,0.2765543460845947,0.28764039278030396,0.3021841049194336
29,S4,LatCrit,local,local,0,local,local,0,0.48625242710113525,0.4546912908554077,-0.03156113624572754,0.002070808783173561,0.06312224268913269,0.48625242710113525,0.4546912908554077,0.26935264468193054,0.2814546823501587,0.2443949580192566,0.2638540267944336
29,S4,ComHvy,local,local,0,local,local,0,0.5607006549835205,0.5726388096809387,0.011938154697418213,0.0009373249486088753,0.0343368798494339,0.5607006549835205,0.5726388096809387,0.20700058341026306,0.18983213603496552,0.23229879140853882,0.23752906918525696
29,S4,BWHvy,local,local,0,local,local,0,0.5399406552314758,0.5076335668563843,-0.03230708837509155,0.0020968131721019745,0.0646141916513443,0.5399406552314758,0.5076335668563843,0.23972584307193756,0.25530460476875305,0.2203335016965866,0.23706184327602386
29,S5,LatCrit,local,local,0,local,local,0,0.5763458609580994,0.5881645679473877,0.01181870698928833,0.000832289457321167,0.03450067341327667,0.5763458609580994,0.5881645679473877,0.17616058886051178,0.1815922111272812,0.24749353528022766,0.23024319112300873
29,S5,ComHvy,local,local,0,local,local,0,0.5820909142494202,0.559329628944397,-0.022761285305023193,0.0011630114167928696,0.04552257061004639,0.5820909142494202,0.559329628944397,0.14769840240478516,0.160550057888031,0.2702106833457947,0.280120313167572
29,S5,BWHvy,local,local,0,local,local,0,0.44331419467926025,0.4087026119232178,-0.03461158275604248,0.007575228810310364,0.10999956727027893,0.44331419467926025,0.4087026119232178,0.31578779220581055,0.29539960622787476,0.2408980131149292,0.29589781165122986
29,S6,LatCrit,local,local,0,local,local,0,0.5306419134140015,0.5461360812187195,0.015494167804718018,0.0008749121334403753,0.03336706757545471,0.5306419134140015,0.5461360812187195,0.22525790333747864,0.20857438445091248,0.2441001534461975,0.24528953433036804
29,S6,ComHvy,local,local,0,local,local,0,0.5478918552398682,0.5292539596557617,-0.018637895584106445,0.0007133781909942627,0.037275731563568115,0.5478918552398682,0.5292539596557617,0.20685622096061707,0.2134770005941391,0.24525193870067596,0.2572689950466156
29,S6,BWHvy,local,local,0,local,local,0,0.4530813694000244,0.4339650273323059,-0.019116342067718506,0.003611486405134201,0.07439178228378296,0.4530813694000244,0.4339650273323059,0.3101933002471924,0.2921137511730194,0.2367253303527832,0.2739212214946747
29,S7,LatCrit,local,local,0,local,local,0,0.5342753529548645,0.5068324208259583,-0.02744293212890625,0.0016268650069832802,0.054885849356651306,0.5342753529548645,0.5068324208259583,0.21994079649448395,0.23846594989299774,0.24578385055065155,0.2547016143798828
29,S7,ComHvy,local,local,0,local,local,0,0.5764400959014893,0.5777583718299866,0.0013182759284973145,1.6569742001593113e-05,0.0044517964124679565,0.5764400959014893,0.5777583718299866,0.18766328692436218,0.1854373812675476,0.23589664697647095,0.23680426180362701
29,S7,BWHvy,local,local,0,BS1,BS1,0,0.48418712615966797,0.5336642265319824,0.04947710037231445,0.0049192458391189575,0.09895412623882294,0.48418712615966797,0.5336642265319824,0.32719120383262634,0.29751208424568176,0.1886216402053833,0.1688237339258194
29,S8,LatCrit,local,local,0,local,local,0,0.4622620940208435,0.5117692947387695,0.049507200717926025,0.005212301388382912,0.09901437163352966,0.4622620940208435,0.5117692947387695,0.23829498887062073,0.20818042755126953,0.2994428873062134,0.28005027770996094
29,S8,ComHvy,local,local,0,local,local,0,0.4585341811180115,0.4930156469345093,0.0344814658164978,0.0033274968154728413,0.06896290183067322,0.4585341811180115,0.4930156469345093,0.244951993227005,0.2145083248615265,0.29651379585266113,0.29247602820396423
29,S8,BWHvy,local,local,0,local,local,0,0.44901371002197266,0.45185601711273193,0.0028423070907592773,0.0013108663260936737,0.03992822766304016,0.44901371002197266,0.45185601711273193,0.25490137934684753,0.23493728041648865,0.29608485102653503,0.31320667266845703
30,S1,LatCrit,local,local,0,local,local,0,0.41419994831085205,0.4276421070098877,0.013442158699035645,0.0011359117925167084,0.04290771484375,0.41419994831085205,0.4276421070098877,0.2974313497543335,0.2759774923324585,0.28836870193481445,0.2963804006576538
30,S1,ComHvy,local,local,0,local,local,0,0.49789512157440186,0.46019446849823,-0.037700653076171875,0.0032684272155165672,0.07540133595466614,0.49789512157440186,0.46019446849823,0.283749520778656,0.31590962409973145,0.21835532784461975,0.22389590740203857
30,S1,BWHvy,local,local,0,BS1,BS1,0,0.44006627798080444,0.4310571551322937,-0.009009122848510742,0.00028890278190374374,0.020697832107543945,0.44006627798080444,0.4310571551322937,0.2883455753326416,0.28700578212738037,0.27158814668655396,0.2819370627403259
30,S2,LatCrit,local,local,0,local,local,0,0.4698960781097412,0.44476181268692017,-0.025134265422821045,0.0014773104339838028,0.05026853084564209,0.4698960781097412,0.44476181268692017,0.2651122808456421,0.27001070976257324,0.2649916410446167,0.2852274775505066
30,S2,ComHvy,local,local,0,local,local,0,0.5678430199623108,0.5897620916366577,0.021919071674346924,0.0013762004673480988,0.04383815824985504,0.5678430199623108,0.5897620916366577,0.21051537990570068,0.2085331380367279,0.22164160013198853,0.20170475542545319
30,S2,BWHvy,local,local,0,BS2,BS2,0,0.49920225143432617,0.4799003601074219,-0.019301891326904297,0.0015993770211935043,0.05004854500293732,0.49920225143432617,0.4799003601074219,0.24469079077243805,0.2389684021472931,0.256106972694397,0.28113123774528503
30,S3,LatCrit,local,local,0,local,local,0,0.5151587724685669,0.526179313659668,0.011020541191101074,0.0010446328669786453,0.03991469740867615,0.5151587724685669,0.526179313659668,0.2843794822692871,0.26442211866378784,0.200461745262146,0.2093985378742218
30,S3,ComHvy,local,local,0,local,local,0,0.4491084814071655,0.44618427753448486,-0.002924203872680664,0.003532102331519127,0.06494148075580597,0.4491084814071655,0.44618427753448486,0.3131798505783081,0.2836333215236664,0.23771165311336517,0.27018240094184875
30,S3,BWHvy,local,local,0,local,local,0,0.43197232484817505,0.5244251489639282,0.09245282411575317,0.01717696711421013,0.18490560352802277,0.43197232484817505,0.5244251489639282,0.3056318461894989,0.2528507709503174,0.26239582896232605,0.22272412478923798
30,S4,LatCrit,local,local,0,BS1,BS1,0,0.48176413774490356,0.47524648904800415,-0.006517648696899414,0.0010642800480127335,0.03821171820163727,0.48176413774490356,0.47524648904800415,0.2803076207637787,0.26771941781044006,0.23792822659015656,0.2570340931415558
30,S4,ComHvy,local,local,0,local,local,0,0.5055249929428101,0.5245572328567505,0.01903223991394043,0.0007312679663300514,0.03806440532207489,0.5055249929428101,0.5245572328567505,0.27729883790016174,0.2677780091762543,0.217176154255867,0.20766481757164001
30,S4,BWHvy,local,local,0,local,local,0,0.48118269443511963,0.45871424674987793,-0.0224684476852417,0.002945028245449066,0.07008175551891327,0.48118269443511963,0.45871424674987793,0.24535246193408966,0.23278000950813293,0.2734648883342743,0.30850574374198914
30,S5,LatCrit,local,local,0,local,local,0,0.5531752705574036,0.5440036654472351,-0.009171605110168457,0.0005616331472992897,0.0278293639421463,0.5531752705574036,0.5440036654472351,0.21280278265476227,0.22671745717525482,0.23402194678783417,0.22927886247634888
30,S5,ComHvy,local,local,0,local,local,0,0.5513542890548706,0.6043274402618408,0.052973151206970215,0.006057629361748695,0.10594627261161804,0.5513542890548706,0.6043274402618408,0.18176889419555664,0.1536322683095932,0.26687681674957275,0.24204032123088837
30,S5,BWHvy,local,local,0,local,local,0,0.538899302482605,0.5240275859832764,-0.014871716499328613,0.0026265326887369156,0.06126590073108673,0.538899302482605,0.5240275859832764,0.22669312357902527,0.21093185245990753,0.23440760374069214,0.2650405168533325
30,S6,LatCrit,local,local,0,BS2,BS2,0,0.5902930498123169,0.5623571276664734,-0.027935922145843506,0.002818093867972493,0.06181320548057556,0.5902930498123169,0.5623571276664734,0.2056034356355667,0.2365100234746933,0.20410354435443878,0.2011328488588333
30,S6,ComHvy,local,local,0,local,local,0,0.5160961151123047,0.5441018342971802,0.02800571918487549,0.0019414033740758896,0.056011542677879333,0.5160961151123047,0.5441018342971802,0.17856918275356293,0.17683276534080505,0.30533477663993835,0.2790653705596924
30,S6,BWHvy,local,local,0,local,local,0,0.520319938659668,0.4645257592201233,-0.05579417943954468,0.006491559557616711,0.11158840358257294,0.520319938659668,0.4645257592201233,0.26761946082115173,0.30738088488578796,0.2120605707168579,0.22809337079524994
30,S7,LatCrit,local,local,0,local,local,0,0.5524016618728638,0.5540329217910767,0.0016312599182128906,2.2923806682229042e-05,0.005652397871017456,0.5524016618728638,0.5540329217910767,0.23401911556720734,0.2311929166316986,0.2135791927576065,0.21477413177490234
30,S7,ComHvy,local,local,0,local,local,0,0.5444989204406738,0.5434219837188721,-0.0010769367218017578,0.0002192542888224125,0.015025541186332703,0.5444989204406738,0.5434219837188721,0.2061302661895752,0.21364302933216095,0.24937082827091217,0.24293498694896698
30,S7,BWHvy,local,local,0,local,local,0,0.4364877939224243,0.4642810821533203,0.027793288230895996,0.0019347704946994781,0.05558657646179199,0.4364877939224243,0.4642810821533203,0.3084004819393158,0.3029174208641052,0.2551117241382599,0.23280149698257446
30,S8,LatCrit,local,local,0,local,local,0,0.5486941337585449,0.5676586627960205,0.018964529037475586,0.000782716553658247,0.03792910277843475,0.5486941337585449,0.5676586627960205,0.20589092373847961,0.19396375119686127,0.24541495740413666,0.23837755620479584
30,S8,ComHvy,local,local,0,BS1,BS1,0,0.40861034393310547,0.41049546003341675,0.0018851161003112793,0.00031514372676610947,0.021038979291915894,0.40861034393310547,0.41049546003341675,0.33356350660324097,0.3230440616607666,0.2578261196613312,0.2664605379104614
30,S8,BWHvy,local,local,0,local,local,0,0.5903360843658447,0.5944342017173767,0.004098117351531982,0.00037310924381017685,0.02115684747695923,0.5903360843658447,0.5944342017173767,0.16294558346271515,0.16942591965198517,0.24671828746795654,0.23613989353179932
31,S1,LatCrit,local,local,0,local,local,0,0.43846064805984497,0.4590400457382202,0.020579397678375244,0.001990922261029482,0.05651754140853882,0.43846064805984497,0.4590400457382202,0.30192363262176514,0.2736648917198181,0.2596156895160675,0.26729509234428406
31,S1,ComHvy,local,local,0,local,local,0,0.5247372984886169,0.559495210647583,0.034757912158966064,0.003737805411219597,0.06951585412025452,0.5247372984886169,0.559495210647583,0.2576444745063782,0.25493571162223816,0.21761822700500488,0.18556904792785645
31,S1,BWHvy,local,local,0,local,local,0,0.5082607269287109,0.5219638347625732,0.013703107833862305,0.00037673627957701683,0.027406245470046997,0.5082607269287109,0.5219638347625732,0.2566959261894226,0.2491491287946701,0.23504333198070526,0.22888699173927307
31,S2,LatCrit,local,local,0,local,local,0,0.48551589250564575,0.49073803424835205,0.005222141742706299,0.00032641366124153137,0.020647883415222168,0.48551589250564575,0.49073803424835205,0.21547408401966095,0.20515014231204987,0.2990100383758545,0.3041118383407593
31,S2,ComHvy,local,local,0,local,local,0,0.509448766708374,0.4986414909362793,-0.010807275772094727,0.000446980819106102,0.025610342621803284,0.509448766708374,0.4986414909362793,0.24571722745895386,0.2585223913192749,0.2448340207338333,0.2428361177444458
31,S2,BWHvy,local,local,0,local,local,0,0.5086530447006226,0.46462559700012207,-0.04402744770050049,0.004189968109130859,0.08805482089519501,0.5086530447006226,0.46462559700012207,0.2126832902431488,0.22243134677410126,0.2786637246608734,0.3129430413246155
31,S3,LatCrit,local,local,0,local,local,0,0.5099435448646545,0.5283632874488831,0.018419742584228516,0.0026044324040412903,0.061450764536857605,0.5099435448646545,0.5283632874488831,0.26157012581825256,0.23084473609924316,0.2284863144159317,0.2407919466495514
31,S3,ComHvy,local,local,0,local,local,0,0.5492246747016907,0.4907039999961853,-0.05852067470550537,0.010006222873926163,0.11704134941101074,0.5492246747016907,0.4907039999961853,0.2513115704059601,0.2538703680038452,0.19946375489234924,0.2554256319999695
31,S3,BWHvy,local,local,0,local,local,0,0.513930082321167,0.5845597982406616,0.07062971591949463,0.010910110548138618,0.14125944674015045,0.513930082321167,0.5845597982406616,0.24236196279525757,0.19546248018741608,0.24370795488357544,0.2199777066707611
31,S4,LatCrit,local,local,0,local,local,0,0.5625638961791992,0.547292172908783,-0.01527172327041626,0.0004981081001460552,0.030543416738510132,0.5625638961791992,0.547292172908783,0.20426996052265167,0.213884174823761,0.2331661731004715,0.23882365226745605
31,S4,ComHvy,local,local,0,local,BS2,1,0.5193119645118713,0.5100693106651306,-0.009242653846740723,0.0016293041408061981,0.04781453311443329,0.5193119645118713,0.5100693106651306,0.22066716849803925,0.20600253343582153,0.2600208818912506,0.28392812609672546
31,S4,BWHvy,local,local,0,local,local,0,0.5619806051254272,0.5352259874343872,-0.02675461769104004,0.004434250295162201,0.08258289098739624,0.5619806051254272,0.5352259874343872,0.20067673921585083,0.18613991141319275,0.2373426854610443,0.27863413095474243
31,S5,LatCrit,local,local,0,local,local,0,0.4739053249359131,0.5078057646751404,0.033900439739227295,0.003957532346248627,0.07496531307697296,0.4739053249359131,0.5078057646751404,0.24758785963058472,0.2511700689792633,0.2785068452358246,0.2410241812467575
31,S5,ComHvy,local,local,0,local,local,0,0.5798786878585815,0.5636247396469116,-0.016253948211669922,0.0016155354678630829,0.04831176996231079,0.5798786878585815,0.5636247396469116,0.1970667988061905,0.18916486203670502,0.22305454313755035,0.24721042811870575
31,S5,BWHvy,local,local,0,local,local,0,0.5862506628036499,0.5867116451263428,0.0004609823226928711,0.0006890157237648964,0.024233698844909668,0.5862506628036499,0.5867116451263428,0.2008110135793686,0.18869414925575256,0.2129383385181427,0.22459419071674347
31,S6,LatCrit,local,local,0,local,local,0,0.6397987604141235,0.6506625413894653,0.010863780975341797,0.0005367633420974016,0.02478979527950287,0.6397987604141235,0.6506625413894653,0.183310866355896,0.17091596126556396,0.17689037322998047,0.1784214824438095
31,S6,ComHvy,local,local,0,local,local,0,0.562339186668396,0.5703998804092407,0.008060693740844727,0.001210993155837059,0.036365896463394165,0.562339186668396,0.5703998804092407,0.1851031333208084,0.16692019999027252,0.2525576651096344,0.26267993450164795
31,S6,BWHvy,local,local,0,BS2,BS2,0,0.44926804304122925,0.41047877073287964,-0.03878927230834961,0.003091098740696907,0.07757854461669922,0.44926804304122925,0.41047877073287964,0.28033146262168884,0.30170726776123047,0.2704004943370819,0.2878139615058899
31,S7,LatCrit,local,local,0,local,local,0,0.5056052207946777,0.4993765950202942,-0.006228625774383545,0.0010301675647497177,0.03720565140247345,0.5056052207946777,0.4993765950202942,0.2505493462085724,0.2381751537322998,0.24384544789791107,0.2624482810497284
31,S7,ComHvy,local,local,0,local,local,0,0.5140748023986816,0.5319682955741882,0.017893493175506592,0.0016907397657632828,0.05167333781719208,0.5140748023986816,0.5319682955741882,0.19736996293067932,0.20531316101551056,0.28855520486831665,0.2627185583114624
31,S7,BWHvy,local,local,0,local,local,0,0.403984010219574,0.4429085850715637,0.038924574851989746,0.0031281933188438416,0.07784917950630188,0.403984010219574,0.4429085850715637,0.3329731225967407,0.3142697811126709,0.2630428671836853,0.242821604013443
31,S8,LatCrit,local,local,0,local,local,0,0.5222553014755249,0.5617783069610596,0.03952300548553467,0.004154246766120195,0.07904598116874695,0.5222553014755249,0.5617783069610596,0.22349779307842255,0.1909203678369522,0.25424686074256897,0.24730131030082703
31,S8,ComHvy,local,local,0,BS1,BS1,0,0.3830409646034241,0.38066744804382324,-0.00237351655960083,0.0026154406368732452,0.05884459614753723,0.3830409646034241,0.38066744804382324,0.26998579502105713,0.29940807819366455,0.3469732701778412,0.3199244737625122
31,S8,BWHvy,local,local,0,local,local,0,0.5834997296333313,0.574589729309082,-0.008910000324249268,0.00019057048484683037,0.017820090055465698,0.5834997296333313,0.574589729309082,0.16802728176116943,0.16920703649520874,0.24847295880317688,0.256203293800354
32,S1,LatCrit,local,local,0,local,local,0,0.551263689994812,0.5409515500068665,-0.010312139987945557,0.000838257372379303,0.03327079117298126,0.551263689994812,0.5409515500068665,0.24985280632972717,0.2435295581817627,0.19888348877429962,0.21551889181137085
32,S1,ComHvy,local,local,0,local,BS1,1,0.5125985145568848,0.44976890087127686,-0.06282961368560791,0.009499256499111652,0.12565924227237701,0.5125985145568848,0.44976890087127686,0.25451168417930603,0.3092920780181885,0.232889786362648,0.24093902111053467
32,S1,BWHvy,local,local,0,local,local,0,0.5038610696792603,0.4377936124801636,-0.06606745719909668,0.009748533368110657,0.13213489949703217,0.5038610696792603,0.4377936124801636,0.251303493976593,0.26735183596611023,0.24483545124530792,0.2948545515537262
32,S2,LatCrit,local,local,0,BS1,BS1,0,0.5002040863037109,0.5204033851623535,0.020199298858642578,0.0015389290638267994,0.045698925852775574,0.5002040863037109,0.5204033851623535,0.24679350852966309,0.2239440530538559,0.253002405166626,0.2556525766849518
32,S2,ComHvy,local,local,0,local,local,0,0.493824303150177,0.5468791127204895,0.0530548095703125,0.006155315786600113,0.1061096340417862,0.493824303150177,0.5468791127204895,0.26434656977653503,0.22654198110103607,0.24182912707328796,0.22657889127731323
32,S2,BWHvy,local,local,0,local,local,0,0.4490813612937927,0.38445091247558594,-0.06463044881820679,0.008669823408126831,0.12926092743873596,0.4490813612937927,0.38445091247558594,0.27165302634239197,0.3033599853515625,0.2792655825614929,0.31218910217285156
32,S3,LatCrit,local,local,0,local,local,0,0.44549769163131714,0.4049223065376282,-0.040575385093688965,0.01791519671678543,0.17471589148044586,0.44549769163131714,0.4049223065376282,0.2815535366535187,0.2347709685564041,0.2729488015174866,0.3603067398071289
32,S3,ComHvy,local,local,0,local,BS2,1,0.45057499408721924,0.36284202337265015,-0.08773297071456909,0.019319310784339905,0.1754658818244934,0.45057499408721924,0.36284202337265015,0.3075796067714691,0.32269179821014404,0.24184542894363403,0.3144661486148834
32,S3,BWHvy,local,local,0,local,local,0,0.4758583903312683,0.5180341005325317,0.04217571020126343,0.003694869577884674,0.08435140550136566,0.4758583903312683,0.5180341005325317,0.2458396852016449,0.23153506219387054,0.2783019244670868,0.2504308521747589
32,S4,LatCrit,local,local,0,local,local,0,0.5741466283798218,0.5726285576820374,-0.0015180706977844238,1.4239223673939705e-05,0.004454553127288818,0.5741466283798218,0.5726285576820374,0.20164865255355835,0.20093944668769836,0.22420470416545868,0.2264319807291031
32,S4,ComHvy,local,local,0,local,local,0,0.4556845426559448,0.46291136741638184,0.007226824760437012,0.00022478285245597363,0.018734723329544067,0.4556845426559448,0.46291136741638184,0.2814270257949829,0.27205967903137207,0.2628884017467499,0.2650289535522461
32,S4,BWHvy,local,local,0,local,local,0,0.5424104928970337,0.5414737462997437,-0.0009367465972900391,0.0012844055891036987,0.035160794854164124,0.5424104928970337,0.5414737462997437,0.219681054353714,0.20303736627101898,0.2379084825515747,0.2554888427257538
32,S5,LatCrit,local,local,0,BS1,BS1,0,0.4345529079437256,0.4754064083099365,0.04085350036621094,0.0034120455384254456,0.08170706033706665,0.4345529079437256,0.4754064083099365,0.26891544461250305,0.2530776560306549,0.29653167724609375,0.2715159058570862
32,S5,ComHvy,local,local,0,local,local,0,0.5119503140449524,0.54132479429245,0.02937448024749756,0.003896221984177828,0.06866326928138733,0.5119503140449524,0.54132479429245,0.21709774434566498,0.1827661246061325,0.27095192670822144,0.27590909600257874
32,S5,BWHvy,local,local,0,local,local,0,0.5728069543838501,0.5491831302642822,-0.02362382411956787,0.007758725434541702,0.10153497755527496,0.5728069543838501,0.5491831302642822,0.22510075569152832,0.1979571133852005,0.2020922601222992,0.25285977125167847
32,S6,LatCrit,local,local,0,local,local,0,0.6575672626495361,0.6890953779220581,0.03152811527252197,0.002453274093568325,0.06305623054504395,0.6575672626495361,0.6890953779220581,0.17044436931610107,0.149803027510643,0.1719883531332016,0.1611015796661377
32,S6,ComHvy,local,local,0,local,local,0,0.5452783107757568,0.523699164390564,-0.02157914638519287,0.0009781550616025925,0.04315824806690216,0.5452783107757568,0.523699164390564,0.18537622690200806,0.19095478951931,0.2693454921245575,0.28534603118896484
32,S6,BWHvy,local,local,0,local,local,0,0.4511464834213257,0.385606586933136,-0.0655398964881897,0.010228119790554047,0.13107982277870178,0.4511464834213257,0.385606586933136,0.2685511112213135,0.27934569120407104,0.28030240535736084,0.33504775166511536
32,S7,LatCrit,local,local,0,local,local,0,0.4500807523727417,0.47138428688049316,0.021303534507751465,0.0009318040683865547,0.042607083916664124,0.4500807523727417,0.47138428688049316,0.305915892124176,0.2918582558631897,0.24400335550308228,0.23675744235515594
32,S7,ComHvy,local,local,0,local,local,0,0.5140424370765686,0.5471056699752808,0.03306323289871216,0.0025435462594032288,0.06612648069858551,0.5140424370765686,0.5471056699752808,0.21398526430130005,0.20792338252067566,0.27197229862213135,0.24497093260288239
32,S7,BWHvy,local,local,0,BS2,local,1,0.4226335287094116,0.5150187611579895,0.09238523244857788,0.017184074968099594,0.18477046489715576,0.4226335287094116,0.5150187611579895,0.3333090543746948,0.28354230523109436,0.24405741691589355,0.20143893361091614
32,S8,LatCrit,local,local,0,local,local,0,0.5573456287384033,0.5721558332443237,0.01481020450592041,0.000743325799703598,0.029620394110679626,0.5573456287384033,0.5721558332443237,0.18142537772655487,0.16768968105316162,0.2612289786338806,0.26015448570251465
32,S8,ComHvy,local,local,0,local,local,0,0.5146610140800476,0.5404844284057617,0.02582341432571411,0.0029384810477495193,0.06275209784507751,0.5146610140800476,0.5404844284057617,0.24537621438503265,0.2509288787841797,0.23996275663375854,0.20858673751354218
32,S8,BWHvy,local,local,0,local,local,0,0.591503381729126,0.5687564611434937,-0.022746920585632324,0.0012104101479053497,0.045493870973587036,0.591503381729126,0.5687564611434937,0.16839909553527832,0.1720288246870041,0.24009747803211212,0.25921469926834106
33,S1,LatCrit,local,local,0,local,local,0,0.5152393579483032,0.49218106269836426,-0.023058295249938965,0.0022452231496572495,0.05749717354774475,0.5152393579483032,0.49218106269836426,0.25305408239364624,0.24736380577087402,0.23170652985572815,0.2604551315307617
33,S1,ComHvy,local,local,0,local,local,0,0.5777222514152527,0.5736936330795288,-0.004028618335723877,0.0006345342844724655,0.026988044381141663,0.5777222514152527,0.5736936330795288,0.23774610459804535,0.2512401342391968,0.18453162908554077,0.17506623268127441
33,S1,BWHvy,local,local,0,local,local,0,0.49306631088256836,0.48543208837509155,-0.007634222507476807,0.0013422146439552307,0.04310274124145508,0.49306631088256836,0.48543208837509155,0.263668417930603,0.2497512698173523,0.2432652711868286,0.26481664180755615
33,S2,LatCrit,local,local,0,local,local,0,0.4576910138130188,0.48144978284835815,0.023758769035339355,0.001606931909918785,0.0475175678730011,0.4576910138130188,0.48144978284835815,0.22587455809116364,0.20533894002437592,0.31643444299697876,0.31321126222610474
33,S2,ComHvy,local,local,0,local,local,0,0.43159550428390503,0.4183186888694763,-0.013276815414428711,0.0008649211376905441,0.03787851333618164,0.43159550428390503,0.4183186888694763,0.28140509128570557,0.27574265003204346,0.2869994044303894,0.3059386610984802
33,S2,BWHvy,local,local,0,local,local,0,0.4399411082267761,0.39625710248947144,-0.04368400573730469,0.003990432247519493,0.08736802637577057,0.4399411082267761,0.39625710248947144,0.23186664283275604,0.24612382054328918,0.32819223403930664,0.3576190769672394
33,S3,LatCrit,local,local,0,local,local,0,0.5194108486175537,0.5582767128944397,0.038865864276885986,0.015452465042471886,0.14439529180526733,0.5194108486175537,0.5582767128944397,0.27318108081817627,0.20098340511322021,0.2074081003665924,0.2407398521900177
33,S3,ComHvy,local,local,0,local,local,0,0.5303815603256226,0.47901320457458496,-0.0513683557510376,0.006251566112041473,0.10273674130439758,0.5303815603256226,0.47901320457458496,0.27639856934547424,0.2900373637676239,0.1932198852300644,0.23094947636127472
33,S3,BWHvy,local,local,0,local,local,0,0.4834280014038086,0.453180193901062,-0.030247807502746582,0.0018461961299180984,0.06049557030200958,0.4834280014038086,0.453180193901062,0.23775069415569305,0.250363826751709,0.27882131934165955,0.2964559495449066
33,S4,LatCrit,local,local,0,local,local,0,0.5238562822341919,0.5350887179374695,0.011232435703277588,0.00026444531977176666,0.022464856505393982,0.5238562822341919,0.5350887179374695,0.22460223734378815,0.22089095413684845,0.25154146552085876,0.24402032792568207
33,S4,ComHvy,local,local,0,local,local,0,0.48802250623703003,0.460402250289917,-0.027620255947113037,0.002580622211098671,0.062103331089019775,0.48802250623703003,0.460402250289917,0.2562103271484375,0.25277891755104065,0.25576716661453247,0.28681883215904236
33,S4,BWHvy,local,local,0,local,local,0,0.5079827904701233,0.5089214444160461,0.0009386539459228516,0.0003058994188904762,0.018231987953186035,0.5079827904701233,0.5089214444160461,0.2530040442943573,0.24388805031776428,0.2390131801366806,0.24719052016735077
33,S5,LatCrit,local,local,0,BS1,BS1,0,0.3563864231109619,0.37445372343063354,0.01806730031967163,0.0012769009917974472,0.045896053314208984,0.3563864231109619,0.37445372343063354,0.2966698408126831,0.30155056715011597,0.34694376587867737,0.3239957392215729
33,S5,ComHvy,local,local,0,local,local,0,0.5350501537322998,0.519341230392456,-0.01570892333984375,0.0006970921531319618,0.03141781687736511,0.5350501537322998,0.519341230392456,0.22417308390140533,0.22466857731342316,0.24077674746513367,0.2559901475906372
33,S5,BWHvy,local,local,0,local,local,0,0.5282872915267944,0.5011473894119263,-0.027139902114868164,0.007481366395950317,0.10698117315769196,0.5282872915267944,0.5011473894119263,0.225744366645813,0.19939371943473816,0.245968297123909,0.29945892095565796
33,S6,LatCrit,local,local,0,local,local,0,0.5891902446746826,0.6419068574905396,0.052716612815856934,0.005991758778691292,0.10543321073055267,0.5891902446746826,0.6419068574905396,0.17882591485977173,0.15278726816177368,0.23198381066322327,0.20530585944652557
33,S6,ComHvy,local,local,0,local,local,0,0.5364475250244141,0.5239942073822021,-0.012453317642211914,0.0004109772853553295,0.024906650185585022,0.5364475250244141,0.5239942073822021,0.19168411195278168,0.201710045337677,0.27186837792396545,0.27429577708244324
33,S6,BWHvy,local,local,0,local,local,0,0.5302203893661499,0.4646543860435486,-0.06556600332260132,0.01040591299533844,0.13113199174404144,0.5302203893661499,0.4646543860435486,0.2290959656238556,0.23776540160179138,0.2406836599111557,0.29758021235466003
33,S7,LatCrit,local,local,0,local,local,0,0.45989173650741577,0.45638853311538696,-0.0035032033920288086,2.4748151190578938e-05,0.007006406784057617,0.45989173650741577,0.45638853311538696,0.26636525988578796,0.2680504322052002,0.27374300360679626,0.27556103467941284
33,S7,ComHvy,local,local,0,local,local,0,0.5131447315216064,0.5433870553970337,0.030242323875427246,0.002384452149271965,0.0604846328496933,0.5131447315216064,0.5433870553970337,0.19442005455493927,0.19300445914268494,0.2924352288246155,0.26360851526260376
33,S7,BWHvy,local,local,0,local,local,0,0.43509620428085327,0.49125224351882935,0.056156039237976074,0.006337730213999748,0.11231203377246857,0.43509620428085327,0.49125224351882935,0.3254784345626831,0.29438841342926025,0.23942533135414124,0.2143593579530716
33,S8,LatCrit,local,local,0,BS1,local,1,0.4520677924156189,0.48765456676483154,0.035586774349212646,0.004727661609649658,0.0747261792421341,0.4520677924156189,0.48765456676483154,0.23108433187007904,0.19372126460075378,0.31684786081314087,0.31862419843673706
33,S8,ComHvy,local,local,0,local,local,0,0.4831858277320862,0.5151774883270264,0.031991660594940186,0.0020880335941910744,0.06398335099220276,0.4831858277320862,0.5151774883270264,0.2317856401205063,0.21442346274852753,0.28502851724624634,0.2703990042209625
33,S8,BWHvy,local,local,0,local,local,0,0.5072532892227173,0.5150612592697144,0.00780797004699707,0.00012216530740261078,0.015615895390510559,0.5072532892227173,0.5150612592697144,0.16783195734024048,0.16498355567455292,0.32491472363471985,0.3199551999568939
34,S1,LatCrit,local,local,0,local,local,0,0.4714778661727905,0.49262678623199463,0.0211489200592041,0.0012486856430768967,0.042297810316085815,0.4714778661727905,0.49262678623199463,0.2834925949573517,0.2813808023929596,0.2450295239686966,0.22599242627620697
34,S1,ComHvy,local,local,0,local,local,0,0.4877120852470398,0.5012656450271606,0.01355355978012085,0.0004589137388393283,0.027107104659080505,0.4877120852470398,0.5012656450271606,0.30090394616127014,0.28829270601272583,0.21138396859169006,0.21044166386127472
34,S1,BWHvy,local,local,0,BS1,BS1,0,0.534094512462616,0.5181193351745605,-0.01597517728805542,0.000981610268354416,0.03610621392726898,0.534094512462616,0.5181193351745605,0.2544262707233429,0.2523483633995056,0.21147920191287994,0.22953233122825623
34,S2,LatCrit,local,local,0,local,local,0,0.5030092000961304,0.4800525903701782,-0.02295660972595215,0.0012150551192462444,0.04591326415538788,0.5030092000961304,0.4800525903701782,0.20880824327468872,0.22498975694179535,0.2881825268268585,0.2949576675891876
34,S2,ComHvy,local,local,0,local,local,0,0.4269157648086548,0.4253092408180237,-0.0016065239906311035,7.295748218894005e-06,0.0032591521739959717,0.4269157648086548,0.4253092408180237,0.26455891132354736,0.2645358741283417,0.30852532386779785,0.31015491485595703
34,S2,BWHvy,local,local,0,local,local,0,0.48618704080581665,0.4959815740585327,0.009794533252716064,0.00025682803243398666,0.01958906650543213,0.48618704080581665,0.4959815740585327,0.24494430422782898,0.24427738785743713,0.268868625164032,0.25974100828170776
34,S3,LatCrit,local,local,0,local,local,0,0.5601900815963745,0.5604114532470703,0.00022137165069580078,0.0002492307685315609,0.014993950724601746,0.5601900815963745,0.5604114532470703,0.24183644354343414,0.23433946073055267,0.19797351956367493,0.2052491158246994
34,S3,ComHvy,local,local,0,local,local,0,0.5538617968559265,0.5786650776863098,0.0248032808303833,0.0015786918811500072,0.04960662126541138,0.5538617968559265,0.5786650776863098,0.2648661434650421,0.24222877621650696,0.18127208948135376,0.17910611629486084
34,S3,BWHvy,local,local,0,local,local,0,0.47079235315322876,0.4972282648086548,0.026435911655426025,0.0020869991276413202,0.05287185311317444,0.47079235315322876,0.4972282648086548,0.25065019726753235,0.22535711526870728,0.2785574793815613,0.27741461992263794
34,S4,LatCrit,local,local,0,local,local,0,0.5131158828735352,0.5353142023086548,0.02219831943511963,0.0011217761784791946,0.04439660906791687,0.5131158828735352,0.5353142023086548,0.2625352442264557,0.255973756313324,0.22434888780117035,0.20871208608150482
34,S4,ComHvy,local,local,0,local,local,0,0.5552684664726257,0.5389238595962524,-0.01634460687637329,0.0026576872915029526,0.05861303210258484,0.5552684664726257,0.5389238595962524,0.25697675347328186,0.24401484429836273,0.1877547949552536,0.21706131100654602
34,S4,BWHvy,local,local,0,local,local,0,0.494206964969635,0.5076500177383423,0.013443052768707275,0.0003787204623222351,0.026886090636253357,0.494206964969635,0.5076500177383423,0.26770302653312683,0.25855645537376404,0.23808997869491577,0.23379351198673248
34,S5,LatCrit,local,local,0,local,local,0,0.3748236894607544,0.3928515911102295,0.018027901649475098,0.002641715109348297,0.0630837082862854,0.3748236894607544,0.3928515911102295,0.2740010619163513,0.24245920777320862,0.3511752486228943,0.3646892011165619
34,S5,ComHvy,local,local,0,local,local,0,0.5535587072372437,0.5996431112289429,0.04608440399169922,0.005240540951490402,0.09216879308223724,0.5535587072372437,0.5996431112289429,0.22148968279361725,0.18617117404937744,0.2249515801668167,0.2141856998205185
34,S5,BWHvy,local,local,0,local,BS2,1,0.459492564201355,0.42109590768814087,-0.03839665651321411,0.0038550160825252533,0.07679329812526703,0.459492564201355,0.42109590768814087,0.24246926605701447,0.2435949444770813,0.29803818464279175,0.33530914783477783
34,S6,LatCrit,local,local,0,local,local,0,0.5838814973831177,0.5873434543609619,0.0034619569778442383,0.00028141122311353683,0.01818878948688507,0.5838814973831177,0.5873434543609619,0.19306646287441254,0.19869889318943024,0.2230520248413086,0.21395762264728546
34,S6,ComHvy,local,local,0,BS2,BS2,0,0.4345357418060303,0.4583447575569153,0.02380901575088501,0.001269923523068428,0.047618016600608826,0.4345357418060303,0.4583447575569153,0.25266239047050476,0.24768926203250885,0.31280186772346497,0.29396599531173706
34,S6,BWHvy,local,local,0,BS2,BS2,0,0.4446604251861572,0.4343833327293396,-0.010277092456817627,0.0004135044291615486,0.02591201663017273,0.4446604251861572,0.4343833327293396,0.26330336928367615,0.2606244385242462,0.2920362055301666,0.3049921989440918
34,S7,LatCrit,local,local,0,local,local,0,0.48308265209198,0.4786532521247864,-0.0044293999671936035,0.0017501339316368103,0.04645897448062897,0.48308265209198,0.4786532521247864,0.23729126155376434,0.2605207562446594,0.2796260714530945,0.2608259916305542
34,S7,ComHvy,local,local,0,local,local,0,0.4322739839553833,0.4436015486717224,0.011327564716339111,0.00032490724697709084,0.022655129432678223,0.4322739839553833,0.4436015486717224,0.23400573432445526,0.22521649301052094,0.33372026681900024,0.33118194341659546
34,S7,BWHvy,local,local,0,local,local,0,0.4376959800720215,0.4503368139266968,0.012640833854675293,0.0004442250938154757,0.025281697511672974,0.4376959800720215,0.4503368139266968,0.2811470627784729,0.2691301107406616,0.2811569571495056,0.2805330455303192
34,S8,LatCrit,local,local,0,local,local,0,0.5412905216217041,0.5329723358154297,-0.008318185806274414,0.001479312777519226,0.044355809688568115,0.5412905216217041,0.5329723358154297,0.21202452480793,0.19816479086875916,0.24668501317501068,0.26886290311813354
34,S8,ComHvy,local,local,0,local,local,0,0.42666691541671753,0.42946845293045044,0.00280153751373291,9.864522144198418e-05,0.012286514043807983,0.42666691541671753,0.42946845293045044,0.26885998249053955,0.26271671056747437,0.3044731318950653,0.3078148365020752
34,S8,BWHvy,local,local,0,local,local,0,0.5283308029174805,0.5600693225860596,0.0317385196685791,0.0024469364434480667,0.06347702443599701,0.5283308029174805,0.5600693225860596,0.15120406448841095,0.14969795942306519,0.320465087890625,0.29023268818855286
35,S1,LatCrit,local,local,0,BS1,local,1,0.5010464787483215,0.5587041974067688,0.057657718658447266,0.006813788786530495,0.11531542241573334,0.5010464787483215,0.5587041974067688,0.27499520778656006,0.238433837890625,0.2239583134651184,0.2028619796037674
35,S1,ComHvy,local,local,0,local,local,0,0.5285863876342773,0.5555490255355835,0.026962637901306152,0.001471065916121006,0.05392530560493469,0.5285863876342773,0.5555490255355835,0.26463618874549866,0.24857772886753082,0.206777423620224,0.1958732157945633
35,S1,BWHvy,local,local,0,local,local,0,0.5565017461776733,0.5543097257614136,-0.0021920204162597656,6.90920278429985e-05,0.009436473250389099,0.5565017461776733,0.5543097257614136,0.22630544006824493,0.22377920150756836,0.21719282865524292,0.22191104292869568
35,S2,LatCrit,local,local,0,local,local,0,0.4526238441467285,0.46677887439727783,0.014155030250549316,0.000700035656336695,0.028934389352798462,0.4526238441467285,0.46677887439727783,0.2263302057981491,0.21186302602291107,0.32104596495628357,0.3213581442832947
35,S2,ComHvy,local,local,0,BS2,BS2,0,0.38436102867126465,0.40715116262435913,0.022790133953094482,0.001257388386875391,0.04558023810386658,0.38436102867126465,0.40715116262435913,0.27246978878974915,0.2553805112838745,0.3431691825389862,0.33746835589408875
35,S2,BWHvy,local,local,0,local,local,0,0.5128072500228882,0.5119373798370361,-0.0008698701858520508,0.0007630102336406708,0.02770198881626129,0.5128072500228882,0.5119373798370361,0.20157168805599213,0.18859052658081055,0.28562110662460327,0.29947206377983093
35,S3,LatCrit,local,local,0,local,local,0,0.6194806098937988,0.5736244916915894,-0.04585611820220947,0.00767488032579422,0.09372319281101227,0.6194806098937988,0.5736244916915894,0.22456006705760956,0.2235545963048935,0.15595930814743042,0.20282091200351715
35,S3,ComHvy,local,local,0,local,local,0,0.6377414464950562,0.6289573907852173,-0.008784055709838867,0.0003564335638657212,0.021135926246643066,0.6377414464950562,0.6289573907852173,0.18808616697788239,0.1986541450023651,0.17417240142822266,0.17238850891590118
35,S3,BWHvy,local,local,0,local,local,0,0.4158974289894104,0.4831380248069763,0.06724059581756592,0.010991002433001995,0.13448122143745422,0.4158974289894104,0.4831380248069763,0.29429760575294495,0.2396945059299469,0.28980496525764465,0.2771674394607544
35,S4,LatCrit,local,local,0,local,local,0,0.4782986640930176,0.4476473331451416,-0.030651330947875977,0.0022168681025505066,0.06130266189575195,0.4782986640930176,0.4476473331451416,0.27092933654785156,0.2771151661872864,0.25077202916145325,0.2752375304698944
35,S4,ComHvy,local,local,0,local,local,0,0.5987436771392822,0.5878181457519531,-0.010925531387329102,0.0028193313628435135,0.056249648332595825,0.5987436771392822,0.5878181457519531,0.22430409491062164,0.20710483193397522,0.17695219814777374,0.20507705211639404
35,S4,BWHvy,local,local,0,local,local,0,0.5937151908874512,0.6002935171127319,0.006578326225280762,0.00023739971220493317,0.01737251877784729,0.5937151908874512,0.6002935171127319,0.2022535502910614,0.2043614685535431,0.20403124392032623,0.1953449696302414
35,S5,LatCrit,local,local,0,BS2,BS2,0,0.4058583378791809,0.46157747507095337,0.05571913719177246,0.006731124594807625,0.11143825948238373,0.4058583378791809,0.46157747507095337,0.2504067122936249,0.21678872406482697,0.3437349498271942,0.32163381576538086
35,S5,ComHvy,local,local,0,local,local,0,0.5308324098587036,0.537795901298523,0.006963491439819336,0.0005886293947696686,0.029147833585739136,0.5308324098587036,0.537795901298523,0.19096262753009796,0.198573037981987,0.2782049775123596,0.26363104581832886
35,S5,BWHvy,local,local,0,local,local,0,0.5433065891265869,0.5441757440567017,0.0008691549301147461,0.007762666791677475,0.08367565274238586,0.5433065891265869,0.5441757440567017,0.21905530989170074,0.1772174835205078,0.23763807117938995,0.27860674262046814
35,S6,LatCrit,local,local,0,local,local,0,0.6377761960029602,0.6300934553146362,-0.007682740688323975,0.00039441511034965515,0.022512882947921753,0.6377761960029602,0.6300934553146362,0.16417129337787628,0.16059757769107819,0.1980525106191635,0.2093089371919632
35,S6,ComHvy,local,local,0,local,local,0,0.48651373386383057,0.5167678594589233,0.030254125595092773,0.00221254862844944,0.06050817668437958,0.48651373386383057,0.5167678594589233,0.21839560568332672,0.196359783411026,0.2950906455516815,0.28687241673469543
35,S6,BWHvy,local,local,0,BS2,BS2,0,0.45183247327804565,0.4490845203399658,-0.002747952938079834,0.005158502608537674,0.07796917855739594,0.45183247327804565,0.4490845203399658,0.28537052869796753,0.24913389980793,0.2627969980239868,0.3017815947532654
35,S7,LatCrit,local,local,0,local,local,0,0.4791342616081238,0.4638406038284302,-0.015293657779693604,0.0010802014730870724,0.03784249722957611,0.4791342616081238,0.4638406038284302,0.20860601961612701,0.22752726078033447,0.3122597336769104,0.30863213539123535
35,S7,ComHvy,local,local,0,local,local,0,0.4288700819015503,0.4209579825401306,-0.007912099361419678,0.00041985930874943733,0.024995535612106323,0.4288700819015503,0.4209579825401306,0.2404974400997162,0.25299522280693054,0.3306324779987335,0.32604682445526123
35,S7,BWHvy,local,local,0,local,local,0,0.4183993935585022,0.42430078983306885,0.00590139627456665,7.141614332795143e-05,0.011802762746810913,0.4183993935585022,0.42430078983306885,0.34100061655044556,0.3374038338661194,0.24059994518756866,0.23829536139965057
35,S8,LatCrit,local,local,0,local,local,0,0.5034983158111572,0.5045015811920166,0.001003265380859375,0.0007486995309591293,0.028139546513557434,0.5034983158111572,0.5045015811920166,0.24617283046245575,0.23210304975509644,0.25032883882522583,0.2633953392505646
35,S8,ComHvy,local,local,0,local,local,0,0.4469464421272278,0.4720175266265869,0.02507108449935913,0.0017768163233995438,0.05264730751514435,0.4469464421272278,0.4720175266265869,0.21907536685466766,0.2203279435634613,0.33397820591926575,0.30765455961227417
35,S8,BWHvy,local,local,0,local,local,0,0.5721662640571594,0.5727258920669556,0.0005596280097961426,0.0007176436483860016,0.023901864886283875,0.5721662640571594,0.5727258920669556,0.15495647490024567,0.14300554990768433,0.2728772759437561,0.2842685878276825
36,S1,LatCrit,local,local,0,BS1,BS1,0,0.4615570306777954,0.47352445125579834,0.01196742057800293,0.0003640174400061369,0.02393481135368347,0.4615570306777954,0.47352445125579834,0.2604542672634125,0.2502317428588867,0.2779886722564697,0.27624380588531494
36,S1,ComHvy,local,local,0,local,local,0,0.4617959260940552,0.468641459941864,0.006845533847808838,0.0005053021013736725,0.02554766833782196,0.4617959260940552,0.468641459941864,0.32667192816734314,0.3326002359390259,0.2115321308374405,0.1987583041191101
36,S1,BWHvy,local,local,0,local,local,0,0.6148285865783691,0.590394139289856,-0.024434447288513184,0.0012469654902815819,0.04886887967586517,0.6148285865783691,0.590394139289856,0.19396144151687622,0.20724821090698242,0.19120997190475464,0.20235763490200043
36,S2,LatCrit,local,local,0,local,local,0,0.5491458773612976,0.5338613986968994,-0.015284478664398193,0.0005027493461966515,0.030568927526474,0.5491458773612976,0.5338613986968994,0.20204190909862518,0.20610570907592773,0.2488122433423996,0.26003289222717285
36,S2,ComHvy,local,local,0,BS1,BS1,0,0.4364593029022217,0.4524320960044861,0.015972793102264404,0.0009396281093358994,0.0366937518119812,0.4364593029022217,0.4524320960044861,0.2901507318019867,0.2925248146057129,0.2733899652957916,0.255043089389801
36,S2,BWHvy,local,local,0,local,local,0,0.44596928358078003,0.4147346019744873,-0.031234681606292725,0.002188287675380707,0.06246936321258545,0.44596928358078003,0.4147346019744873,0.245135098695755,0.2513218820095062,0.30889561772346497,0.33394351601600647
36,S3,LatCrit,local,local,0,local,local,0,0.5452839136123657,0.5565294623374939,0.011245548725128174,0.0019623711705207825,0.04919746518135071,0.5452839136123657,0.5565294623374939,0.23381400108337402,0.2471671849489212,0.22090210020542145,0.1963033676147461
36,S3,ComHvy,local,local,0,local,local,0,0.5923947095870972,0.5300930738449097,-0.0623016357421875,0.012240968644618988,0.12894697487354279,0.5923947095870972,0.5300930738449097,0.21079884469509125,0.20862701535224915,0.1968064308166504,0.2612799406051636
36,S3,BWHvy,local,local,0,local,local,0,0.523455023765564,0.5395960807800293,0.016141057014465332,0.0005242079496383667,0.032282114028930664,0.523455023765564,0.5395960807800293,0.2211257964372635,0.2140202671289444,0.25541916489601135,0.2463836371898651
36,S4,LatCrit,local,local,0,local,local,0,0.5768380761146545,0.560405969619751,-0.016432106494903564,0.0005722064524888992,0.03286422789096832,0.5768380761146545,0.560405969619751,0.24245494604110718,0.24962109327316284,0.18070699274539948,0.18997296690940857
36,S4,ComHvy,local,local,0,local,local,0,0.5024157762527466,0.5023221969604492,-9.357929229736328e-05,0.0031416919082403183,0.055910736322402954,0.5024157762527466,0.5023221969604492,0.2535003423690796,0.22563855350017548,0.24408386647701263,0.2720392346382141
36,S4,BWHvy,local,local,0,local,local,0,0.5392032861709595,0.5254617929458618,-0.013741493225097656,0.0038179494440555573,0.07012881338596344,0.5392032861709595,0.5254617929458618,0.25617191195487976,0.23484903573989868,0.20462477207183838,0.23968921601772308
36,S5,LatCrit,BS2,BS2,0,BS2,BS2,0,0.37660515308380127,0.38212522864341736,0.005520075559616089,0.00044743483886122704,0.026388555765151978,0.3454160690307617,0.3530902862548828,0.277978777885437,0.2647845149040222,0.37660515308380127,0.38212522864341736
36,S5,ComHvy,local,local,0,local,local,0,0.5342961549758911,0.5522633194923401,0.017967164516448975,0.00775844044983387,0.09755587577819824,0.5342961549758911,0.5522633194923401,0.2520064413547516,0.20322850346565247,0.2136974036693573,0.24450817704200745
36,S5,BWHvy,local,local,0,BS2,BS2,0,0.507549524307251,0.48749130964279175,-0.02005821466445923,0.0008129645138978958,0.04011641442775726,0.507549524307251,0.48749130964279175,0.21652303636074066,0.2268054485321045,0.27592742443084717,0.28570321202278137
36,S6,LatCrit,local,local,0,BS2,local,1,0.5134446024894714,0.5362054109573364,0.02276080846786499,0.001914406195282936,0.051558852195739746,0.5134446024894714,0.5362054109573364,0.23271138966083527,0.23573002219200134,0.2538439929485321,0.22806458175182343
36,S6,ComHvy,local,local,0,local,local,0,0.44894397258758545,0.4638546109199524,0.014910638332366943,0.0006867682095617056,0.02982121706008911,0.44894397258758545,0.4638546109199524,0.2583397328853607,0.24347853660583496,0.29271626472473145,0.29266688227653503
36,S6,BWHvy,local,local,0,local,local,0,0.4767160415649414,0.48862963914871216,0.011913597583770752,0.0008083079010248184,0.03536480665206909,0.4767160415649414,0.48862963914871216,0.2491552233695984,0.2549240291118622,0.2741287350654602,0.25644633173942566
36,S7,LatCrit,local,local,0,local,local,0,0.44805580377578735,0.43731510639190674,-0.010740697383880615,0.0002912827767431736,0.02148139476776123,0.44805580377578735,0.43731510639190674,0.2886190116405487,0.29828378558158875,0.26332518458366394,0.2644011080265045
36,S7,ComHvy,local,local,0,BS2,BS2,0,0.4568147659301758,0.4842618703842163,0.027447104454040527,0.0015136059373617172,0.05489416420459747,0.4568147659301758,0.4842618703842163,0.19151462614536285,0.18265292048454285,0.35167059302330017,0.33308523893356323
36,S7,BWHvy,local,local,0,local,local,0,0.3858095407485962,0.40199559926986694,0.016186058521270752,0.0007798746228218079,0.03495451807975769,0.3858095407485962,0.40199559926986694,0.26033395528793335,0.26162517070770264,0.35385650396347046,0.3363792598247528
36,S8,LatCrit,local,local,0,local,local,0,0.5750470757484436,0.5850005149841309,0.009953439235687256,0.00021236902102828026,0.0199069082736969,0.5750470757484436,0.5850005149841309,0.1863485723733902,0.18330417573451996,0.238604336977005,0.2316952645778656
36,S8,ComHvy,local,local,0,local,local,0,0.3539785146713257,0.3854289650917053,0.03145045042037964,0.00240875780582428,0.06290090084075928,0.3539785146713257,0.3854289650917053,0.3031492531299591,0.2790910303592682,0.3428722321987152,0.3354800045490265
36,S8,BWHvy,local,local,0,local,local,0,0.45033055543899536,0.4671262502670288,0.016795694828033447,0.0007679462432861328,0.03564119338989258,0.45033055543899536,0.4671262502670288,0.19223026931285858,0.19325517117977142,0.35743919014930725,0.33961859345436096
37,S1,LatCrit,local,local,0,local,local,0,0.5060771703720093,0.5122233033180237,0.006146132946014404,0.0012342287227511406,0.039097607135772705,0.5060771703720093,0.5122233033180237,0.23475776612758636,0.2152089625597,0.25916507840156555,0.2725677490234375
37,S1,ComHvy,local,local,0,local,local,0,0.4882925748825073,0.4816451072692871,-0.006647467613220215,0.0004813908599317074,0.027386322617530823,0.4882925748825073,0.4816451072692871,0.27688416838645935,0.29057732224464417,0.23482325673103333,0.22777755558490753
37,S1,BWHvy,local,local,0,local,local,0,0.6039239168167114,0.6145629286766052,0.010639011859893799,0.0002935929223895073,0.021278053522109985,0.6039239168167114,0.6145629286766052,0.1841575652360916,0.18242916464805603,0.21191853284835815,0.20300789177417755
37,S2,LatCrit,local,local,0,local,local,0,0.5506239533424377,0.548778235912323,-0.001845717430114746,0.0001555955968797207,0.01356421411037445,0.5506239533424377,0.548778235912323,0.1891666203737259,0.18423020839691162,0.26020944118499756,0.266991525888443
37,S2,ComHvy,local,local,0,BS1,BS1,0,0.42249178886413574,0.4261864423751831,0.0036946535110473633,0.00027491524815559387,0.020544826984405518,0.42249178886413574,0.4261864423751831,0.283448189496994,0.2900259494781494,0.29406002163887024,0.2837876081466675
37,S2,BWHvy,local,local,0,local,local,0,0.5358161926269531,0.5385627746582031,0.00274658203125,1.6748614143580198e-05,0.0054932087659835815,0.5358161926269531,0.5385627746582031,0.2108466476202011,0.20900222659111023,0.25333723425865173,0.25243502855300903
37,S3,LatCrit,local,local,0,local,local,0,0.5715823173522949,0.5684722661972046,-0.003110051155090332,0.000771835446357727,0.028591260313987732,0.5715823173522949,0.5684722661972046,0.2550370395183563,0.2693327069282532,0.17338059842586517,0.16219505667686462
37,S3,ComHvy,local,local,0,local,local,0,0.5192713737487793,0.48451942205429077,-0.034751951694488525,0.002578388899564743,0.06950391829013824,0.5192713737487793,0.48451942205429077,0.251362681388855,0.26284125447273254,0.22936592996120453,0.2526393234729767
37,S3,BWHvy,local,local,0,local,local,0,0.5223774909973145,0.4854777455329895,-0.03689974546432495,0.002960681915283203,0.07379941642284393,0.5223774909973145,0.4854777455329895,0.23240715265274048,0.2422756552696228,0.24521540105342865,0.2722465693950653
37,S4,LatCrit,local,local,0,local,local,0,0.5489674806594849,0.5271499156951904,-0.021817564964294434,0.0012006629258394241,0.043635040521621704,0.5489674806594849,0.5271499156951904,0.2220878154039383,0.22506093978881836,0.22894474864006042,0.24778909981250763
37,S4,ComHvy,local,local,0,local,local,0,0.4259052872657776,0.41243433952331543,-0.013470947742462158,0.0003742263652384281,0.02694183588027954,0.4259052872657776,0.41243433952331543,0.27539294958114624,0.2813405990600586,0.29870179295539856,0.3062250316143036
37,S4,BWHvy,local,local,0,local,local,0,0.5127838850021362,0.4789961576461792,-0.03378772735595703,0.0033007320016622543,0.06757549941539764,0.5127838850021362,0.4789961576461792,0.24887067079544067,0.24931129813194275,0.2383454293012619,0.27169257402420044
37,S5,LatCrit,local,local,0,local,local,0,0.4218246340751648,0.4070190191268921,-0.014805614948272705,0.0029168520122766495,0.0687810480594635,0.4218246340751648,0.4070190191268921,0.27427974343299866,0.3086702823638916,0.30389559268951416,0.2843106985092163
37,S5,ComHvy,local,local,0,local,local,0,0.47035568952560425,0.46455925703048706,-0.0057964324951171875,0.0016703363507986069,0.04754672944545746,0.47035568952560425,0.46455925703048706,0.23963961005210876,0.22166265547275543,0.290004700422287,0.3137780427932739
37,S5,BWHvy,local,local,0,BS2,BS2,0,0.4950748085975647,0.4472673535346985,-0.04780745506286621,0.00467551127076149,0.09561492502689362,0.4950748085975647,0.4472673535346985,0.23891206085681915,0.2663594186306,0.26601311564445496,0.28637322783470154
37,S6,LatCrit,local,local,0,local,local,0,0.5078485012054443,0.5315114259719849,0.023662924766540527,0.0017865374684333801,0.048613935708999634,0.5078485012054443,0.5315114259719849,0.23965385556221008,0.24029788374900818,0.2524976432323456,0.22819066047668457
37,S6,ComHvy,local,local,0,local,local,0,0.5251386165618896,0.4982074499130249,-0.026931166648864746,0.002524847164750099,0.0626070499420166,0.5251386165618896,0.4982074499130249,0.2179848998785019,0.21361257135868073,0.2568764388561249,0.28817999362945557
37,S6,BWHvy,local,local,0,local,local,0,0.5838184356689453,0.598762035369873,0.014943599700927734,0.0005484449211508036,0.02988719940185547,0.5838184356689453,0.598762035369873,0.21871717274188995,0.20680049061775208,0.19746440649032593,0.19443748891353607
37,S7,LatCrit,local,local,0,local,local,0,0.39944785833358765,0.39753103256225586,-0.0019168257713317871,4.520709626376629e-05,0.008645564317703247,0.39944785833358765,0.39753103256225586,0.298200786113739,0.30252358317375183,0.30235135555267334,0.2999454140663147
37,S7,ComHvy,local,local,0,local,local,0,0.5399255752563477,0.5555747747421265,0.01564919948577881,0.0005234177224338055,0.03129836916923523,0.5399255752563477,0.5555747747421265,0.19932663440704346,0.1900937855243683,0.2607477605342865,0.25433143973350525
37,S7,BWHvy,local,local,0,local,local,0,0.4934259057044983,0.49626660346984863,0.002840697765350342,6.174761801958084e-05,0.009576022624969482,0.4934259057044983,0.49626660346984863,0.25543177127838135,0.25737908482551575,0.25114232301712036,0.24635431170463562
37,S8,LatCrit,local,local,0,local,local,0,0.5067851543426514,0.47762495279312134,-0.02916020154953003,0.0019579557701945305,0.05832037329673767,0.5067851543426514,0.47762495279312134,0.2511347234249115,0.27438873052597046,0.24208013713359833,0.247986301779747
37,S8,ComHvy,local,local,0,BS1,BS1,0,0.4586883783340454,0.41766464710235596,-0.04102373123168945,0.004142832010984421,0.08204743266105652,0.4586883783340454,0.41766464710235596,0.26726481318473816,0.27261507511138916,0.27404680848121643,0.3097202479839325
37,S8,BWHvy,local,local,0,local,local,0,0.568601667881012,0.5725448131561279,0.003943145275115967,5.514962685992941e-05,0.007914558053016663,0.568601667881012,0.5725448131561279,0.19133369624614716,0.18737640976905823,0.24006463587284088,0.24007876217365265
38,S1,LatCrit,local,local,0,local,local,0,0.6809658408164978,0.6699392795562744,-0.011026561260223389,0.0005026711151003838,0.02205313742160797,0.6809658408164978,0.6699392795562744,0.1801823377609253,0.1802303045988083,0.1388518214225769,0.1498304307460785
38,S1,ComHvy,local,local,0,local,local,0,0.4060370922088623,0.3645710349082947,-0.04146605730056763,0.003662634640932083,0.08293211460113525,0.4060370922088623,0.3645710349082947,0.33074280619621277,0.35521337389945984,0.2632201313972473,0.28021562099456787
38,S1,BWHvy,local,local,0,local,local,0,0.6128197908401489,0.5875971913337708,-0.025222599506378174,0.001436910592019558,0.05044521391391754,0.6128197908401489,0.5875971913337708,0.18201833963394165,0.19891077280044556,0.20516185462474823,0.2134920358657837
38,S2,LatCrit,local,local,0,local,local,0,0.46243399381637573,0.507178783416748,0.044744789600372314,0.0055208695121109486,0.08948953449726105,0.46243399381637573,0.507178783416748,0.2663085460662842,0.22568382322788239,0.2712574601173401,0.26713743805885315
38,S2,ComHvy,local,local,0,local,local,0,0.4473072290420532,0.47864657640457153,0.03133934736251831,0.0036888462491333485,0.07044272124767303,0.4473072290420532,0.47864657640457153,0.26104551553726196,0.22582413256168365,0.2916472852230072,0.2955292761325836
38,S2,BWHvy,local,local,0,local,local,0,0.4331803321838379,0.43921661376953125,0.006036281585693359,0.00021899119019508362,0.019538074731826782,0.4331803321838379,0.43921661376953125,0.23887291550636292,0.24260568618774414,0.3279467523097992,0.318177729845047
38,S3,LatCrit,local,local,0,local,local,0,0.5462813377380371,0.5058295726776123,-0.040451765060424805,0.0038829725235700607,0.08090348541736603,0.5462813377380371,0.5058295726776123,0.28294649720191956,0.29571741819381714,0.1707722246646881,0.19845302402973175
38,S3,ComHvy,local,local,0,local,local,0,0.46764737367630005,0.46250009536743164,-0.005147278308868408,0.00011459970846772194,0.01407460868358612,0.46764737367630005,0.46250009536743164,0.21915051341056824,0.21726049482822418,0.3132020831108093,0.320239394903183
38,S3,BWHvy,local,local,0,local,local,0,0.5048154592514038,0.4509091377258301,-0.05390632152557373,0.005855316296219826,0.10781267285346985,0.5048154592514038,0.4509091377258301,0.21956320106983185,0.24119867384433746,0.27562129497528076,0.30789217352867126
38,S4,LatCrit,local,local,0,local,local,0,0.5746939182281494,0.5600523948669434,-0.014641523361206055,0.002228090539574623,0.0550106018781662,0.5746939182281494,0.5600523948669434,0.21144706010818481,0.19858327507972717,0.21385902166366577,0.24136431515216827
38,S4,ComHvy,local,local,0,BS1,BS1,0,0.42440956830978394,0.41108614206314087,-0.013323426246643066,0.0005090856575407088,0.027104288339614868,0.42440956830978394,0.41108614206314087,0.3019329309463501,0.31548506021499634,0.27365750074386597,0.2734287679195404
38,S4,BWHvy,local,local,0,local,local,0,0.4976338744163513,0.4775589108467102,-0.020074963569641113,0.0009034983813762665,0.04014997184276581,0.4976338744163513,0.4775589108467102,0.24407513439655304,0.24870821833610535,0.25829094648361206,0.27373287081718445
38,S5,LatCrit,local,BS2,1,local,local,0,0.40813982486724854,0.38050997257232666,-0.027629852294921875,0.003175839316099882,0.06704582273960114,0.40813982486724854,0.37461692094802856,0.2167527824640274,0.24487310647964478,0.37510737776756287,0.38050997257232666
38,S5,ComHvy,local,local,0,BS2,BS2,0,0.4694264531135559,0.5006644129753113,0.03123795986175537,0.0030026808381080627,0.06247594952583313,0.4694264531135559,0.5006644129753113,0.18589308857917786,0.16017302870750427,0.3446804881095886,0.33916255831718445
38,S5,BWHvy,local,local,0,local,local,0,0.5648065805435181,0.5397391319274902,-0.025067448616027832,0.0036626383662223816,0.07036684453487396,0.5648065805435181,0.5397391319274902,0.24285948276519775,0.23274348676204681,0.19233398139476776,0.22751738131046295
38,S6,LatCrit,local,local,0,local,local,0,0.6091204881668091,0.6224721670150757,0.013351678848266602,0.0004618195816874504,0.02670334279537201,0.6091204881668091,0.6224721670150757,0.1871853470802307,0.1847085952758789,0.203694149851799,0.1928192377090454
38,S6,ComHvy,local,local,0,local,local,0,0.5201033353805542,0.5015674829483032,-0.018535852432250977,0.0007254518568515778,0.03707176446914673,0.5201033353805542,0.5015674829483032,0.2601608335971832,0.273337721824646,0.21973583102226257,0.22509485483169556
38,S6,BWHvy,local,local,0,local,local,0,0.5424959659576416,0.5351814031600952,-0.007314562797546387,0.0017086341977119446,0.04551461338996887,0.5424959659576416,0.5351814031600952,0.24927757680416107,0.23383483290672302,0.20822648704051971,0.23098379373550415
38,S7,LatCrit,local,local,0,local,local,0,0.432800829410553,0.4038088321685791,-0.028991997241973877,0.001996539067476988,0.057983994483947754,0.432800829410553,0.4038088321685791,0.27451685070991516,0.2976287603378296,0.29268231987953186,0.2985624074935913
38,S7,ComHvy,local,local,0,local,local,0,0.5041137933731079,0.5189225077629089,0.014808714389801025,0.0010019601322710514,0.036005839705467224,0.5041137933731079,0.5189225077629089,0.2225276529788971,0.2045247107744217,0.2733585834503174,0.2765527665615082
38,S7,BWHvy,local,local,0,local,local,0,0.4525943398475647,0.48981213569641113,0.037217795848846436,0.002811737358570099,0.07443560659885406,0.4525943398475647,0.48981213569641113,0.29654809832572937,0.2792540490627289,0.25085756182670593,0.2309338003396988
38,S8,LatCrit,local,local,0,local,local,0,0.46594053506851196,0.4698065519332886,0.0038660168647766113,0.00039810314774513245,0.02384200692176819,0.46594053506851196,0.4698065519332886,0.24426275491714478,0.25231772661209106,0.28979673981666565,0.27787572145462036
38,S8,ComHvy,local,local,0,local,local,0,0.5465176105499268,0.5827206373214722,0.03620302677154541,0.003648159559816122,0.07240608334541321,0.5465176105499268,0.5827206373214722,0.19450484216213226,0.16555063426494598,0.2589775323867798,0.25172868371009827
38,S8,BWHvy,local,local,0,local,local,0,0.6624429821968079,0.647784411907196,-0.014658570289611816,0.00048018060624599457,0.029317140579223633,0.6624429821968079,0.647784411907196,0.13867607712745667,0.14364506304264069,0.19888094067573547,0.20857052505016327
39,S1,LatCrit,local,local,0,local,local,0,0.6110692620277405,0.5800363421440125,-0.031032919883728027,0.0022474019788205624,0.06206582486629486,0.6110692620277405,0.5800363421440125,0.2109646052122116,0.23536673188209534,0.1779661327600479,0.18459691107273102
39,S1,ComHvy,local,local,0,local,local,0,0.4673742651939392,0.4709082245826721,0.00353395938873291,0.0006278688088059425,0.028084874153137207,0.4673742651939392,0.4709082245826721,0.2947983145713806,0.3053067922592163,0.23782742023468018,0.22378498315811157
39,S1,BWHvy,local,local,0,local,local,0,0.5833894610404968,0.6048365831375122,0.02144712209701538,0.0014441478997468948,0.042894259095191956,0.5833894610404968,0.6048365831375122,0.21538400650024414,0.2138333022594452,0.20122654736042023,0.1813301146030426
39,S2,LatCrit,local,local,0,local,local,0,0.5511442422866821,0.5386531352996826,-0.012491106986999512,0.0011971257627010345,0.04091207683086395,0.5511442422866821,0.5386531352996826,0.21526481211185455,0.23572084307670593,0.23359093070030212,0.22562599182128906
39,S2,ComHvy,local,local,0,local,local,0,0.5123015642166138,0.4874609708786011,-0.024840593338012695,0.0015929748769849539,0.04968118667602539,0.5123015642166138,0.4874609708786011,0.2580357789993286,0.28097087144851685,0.22966264188289642,0.2315681427717209
39,S2,BWHvy,local,local,0,local,BS1,1,0.4597454071044922,0.4379011392593384,-0.02184426784515381,0.005477394908666611,0.09228628873825073,0.4597454071044922,0.4379011392593384,0.24342849850654602,0.2895716428756714,0.2968260943889618,0.27252721786499023
39,S3,LatCrit,local,local,0,local,local,0,0.47098761796951294,0.4828755259513855,0.011887907981872559,0.00235547311604023,0.05559074878692627,0.47098761796951294,0.4828755259513855,0.29494529962539673,0.3108527958393097,0.23406705260276794,0.2062717080116272
39,S3,ComHvy,local,local,0,local,local,0,0.41410696506500244,0.38505297899246216,-0.029053986072540283,0.001809658482670784,0.058107972145080566,0.41410696506500244,0.38505297899246216,0.3137875497341156,0.325641930103302,0.27210548520088196,0.28930509090423584
39,S3,BWHvy,local,local,0,local,local,0,0.5363541841506958,0.5023683905601501,-0.033985793590545654,0.0023172516375780106,0.06797169148921967,0.5363541841506958,0.5023683905601501,0.2239263653755188,0.23919595777988434,0.23971939086914062,0.2584356963634491
39,S4,LatCrit,local,local,0,local,local,0,0.48221349716186523,0.5003848075866699,0.018171310424804688,0.0014395269099622965,0.04368506371974945,0.48221349716186523,0.5003848075866699,0.23518098890781403,0.2133384346961975,0.28260552883148193,0.2862767279148102
39,S4,ComHvy,local,local,0,local,local,0,0.4569396376609802,0.4491398334503174,-0.007799804210662842,0.0003234655596315861,0.022917568683624268,0.4569396376609802,0.4491398334503174,0.27688920497894287,0.288347989320755,0.2661711573600769,0.2625121772289276
39,S4,BWHvy,local,local,0,local,local,0,0.4342989921569824,0.3879256844520569,-0.04637330770492554,0.006732892245054245,0.1051941066980362,0.4342989921569824,0.3879256844520569,0.2534400522708893,0.24721629917621613,0.3122609555721283,0.3648580014705658
39,S5,LatCrit,local,local,0,local,local,0,0.5271551609039307,0.47994667291641235,-0.04720848798751831,0.005711580626666546,0.09441694617271423,0.5271551609039307,0.47994667291641235,0.20057813823223114,0.2394198328256607,0.2722667157649994,0.28063347935676575
39,S5,ComHvy,local,BS2,1,local,BS2,1,0.39311301708221436,0.37700018286705017,-0.016112834215164185,0.0057502128183841705,0.10041376948356628,0.39311301708221436,0.37257570028305054,0.2800936996936798,0.2504241466522217,0.32679328322410583,0.37700018286705017
39,S5,BWHvy,local,local,0,local,local,0,0.46017128229141235,0.44909733533859253,-0.011073946952819824,0.00330333411693573,0.0698716789484024,0.46017128229141235,0.44909733533859253,0.3144007623195648,0.3493366241455078,0.22542794048786163,0.20156607031822205
39,S6,LatCrit,local,local,0,local,local,0,0.38092631101608276,0.38953542709350586,0.008609116077423096,0.00016206875443458557,0.017218202352523804,0.38092631101608276,0.38953542709350586,0.35606932640075684,0.3524303436279297,0.2630043625831604,0.25803425908088684
39,S6,ComHvy,local,local,0,local,local,0,0.5263496041297913,0.5212428569793701,-0.005106747150421143,0.0019539035856723785,0.047401219606399536,0.5263496041297913,0.5212428569793701,0.2622504234313965,0.24365656077861786,0.21140000224113464,0.2351006120443344
39,S6,BWHvy,local,local,0,local,local,0,0.5765599608421326,0.6210153102874756,0.04445534944534302,0.006251972168684006,0.08891066908836365,0.5765599608421326,0.6210153102874756,0.2170063555240631,0.21305854618549347,0.20643368363380432,0.16592617332935333
39,S7,LatCrit,local,local,0,local,local,0,0.5292919278144836,0.519904375076294,-0.009387552738189697,0.001844208687543869,0.05020691454410553,0.5292919278144836,0.519904375076294,0.2566256821155548,0.281729131937027,0.21408240497112274,0.19836649298667908
39,S7,ComHvy,local,local,0,local,local,0,0.5248106718063354,0.5435734391212463,0.01876276731491089,0.0008690073154866695,0.03752550482749939,0.5248106718063354,0.5435734391212463,0.19145207107067108,0.1780868023633957,0.2837372422218323,0.27833977341651917
39,S7,BWHvy,local,local,0,local,local,0,0.50066077709198,0.48709672689437866,-0.013564050197601318,0.0004466641694307327,0.02712807059288025,0.50066077709198,0.48709672689437866,0.23382289707660675,0.23563824594020844,0.26551634073257446,0.2772650122642517
39,S8,LatCrit,local,local,0,local,local,0,0.5034083127975464,0.4604673981666565,-0.04294091463088989,0.003728806972503662,0.08588182926177979,0.5034083127975464,0.4604673981666565,0.22074063122272491,0.24277986586093903,0.2758510410785675,0.2967527210712433
39,S8,ComHvy,local,local,0,local,local,0,0.49926185607910156,0.44968628883361816,-0.0495755672454834,0.005048826336860657,0.09915114939212799,0.49926185607910156,0.44968628883361816,0.23886044323444366,0.268220990896225,0.2618776857852936,0.28209272027015686
39,S8,BWHvy,local,local,0,local,local,0,0.5261372327804565,0.547849178314209,0.02171194553375244,0.003801964223384857,0.07450048625469208,0.5261372327804565,0.547849178314209,0.20030860602855682,0.2158469557762146,0.27355408668518066,0.2363038957118988
40,S1,LatCrit,local,local,0,local,local,0,0.5483509302139282,0.54048752784729,-0.007863402366638184,0.0005075195804238319,0.025737300515174866,0.5483509302139282,0.54048752784729,0.25342223048210144,0.2484169602394104,0.19822686910629272,0.21109549701213837
40,S1,ComHvy,local,local,0,local,local,0,0.5428982377052307,0.5415573120117188,-0.0013409256935119629,0.00048439856618642807,0.02236732840538025,0.5428982377052307,0.5415573120117188,0.23817594349384308,0.2493596225976944,0.2189258188009262,0.20908309519290924
40,S1,BWHvy,local,local,0,local,local,0,0.5548771023750305,0.5741403102874756,0.01926320791244507,0.0009633637964725494,0.03852638602256775,0.5548771023750305,0.5741403102874756,0.2475094497203827,0.24323993921279907,0.1976134479045868,0.18261978030204773
40,S2,LatCrit,local,local,0,local,local,0,0.48653924465179443,0.5001881122589111,0.0136488676071167,0.0007868981920182705,0.032347336411476135,0.48653924465179443,0.5001881122589111,0.23339231312274933,0.21721866726875305,0.28006839752197266,0.2825932204723358
40,S2,ComHvy,local,local,0,local,local,0,0.5023471117019653,0.4989566206932068,-0.003390491008758545,0.0013871826231479645,0.040388450026512146,0.5023471117019653,0.4989566206932068,0.27588021755218506,0.29607442021369934,0.2217727154493332,0.20496895909309387
40,S2,BWHvy,local,local,0,local,local,0,0.44791483879089355,0.42531102895736694,-0.02260380983352661,0.0034408001229166985,0.07559016346931458,0.44791483879089355,0.42531102895736694,0.2693483531475067,0.3071434497833252,0.28273680806159973,0.26754555106163025
40,S3,LatCrit,local,local,0,local,local,0,0.39989393949508667,0.3753856420516968,-0.024508297443389893,0.0014222301542758942,0.04901662468910217,0.39989393949508667,0.3753856420516968,0.3426750600337982,0.3497004508972168,0.2574310004711151,0.2749139368534088
40,S3,ComHvy,local,local,0,BS1,local,1,0.49404972791671753,0.5215607285499573,0.027511000633239746,0.001581740565598011,0.05502203106880188,0.49404972791671753,0.5215607285499573,0.25621649622917175,0.2383968085050583,0.2497337907552719,0.24004244804382324
40,S3,BWHvy,local,local,0,local,local,0,0.5302887558937073,0.506646990776062,-0.023641765117645264,0.0012326277792453766,0.04728361964225769,0.5302887558937073,0.506646990776062,0.2210979014635086,0.22681288421154022,0.24861332774162292,0.26654019951820374
40,S4,LatCrit,local,local,0,local,local,0,0.5093420147895813,0.518760621547699,0.009418606758117676,0.0016732783988118172,0.046389952301979065,0.5093420147895813,0.518760621547699,0.23432566225528717,0.21113070845603943,0.25633227825164795,0.2701086699962616
40,S4,ComHvy,local,local,0,local,local,0,0.5291599035263062,0.5238275527954102,-0.005332350730895996,0.0008885236456990242,0.03376471996307373,0.5291599035263062,0.5238275527954102,0.24584776163101196,0.26273012161254883,0.22499234974384308,0.2134423404932022
40,S4,BWHvy,local,local,0,local,local,0,0.5040287375450134,0.4768754243850708,-0.027153313159942627,0.0031370967626571655,0.07453946769237518,0.5040287375450134,0.4768754243850708,0.18961331248283386,0.1794968992471695,0.3063579499721527,0.3436276912689209
40,S5,LatCrit,local,local,0,local,local,0,0.47510719299316406,0.4644642472267151,-0.010642945766448975,0.0013659177348017693,0.04261291027069092,0.47510719299316406,0.4644642472267151,0.19872473180294037,0.22003115713596344,0.32616811990737915,0.3155045807361603
40,S5,ComHvy,local,local,0,local,local,0,0.4958350658416748,0.503874659538269,0.008039593696594238,0.00031510856933891773,0.020506441593170166,0.4958350658416748,0.503874659538269,0.22414468228816986,0.21389146149158478,0.28002026677131653,0.2822338938713074
40,S5,BWHvy,local,local,0,local,local,0,0.48217982053756714,0.4578518867492676,-0.02432793378829956,0.001239466480910778,0.04865585267543793,0.48217982053756714,0.4578518867492676,0.24314998090267181,0.25833868980407715,0.27467021346092224,0.2838094234466553
40,S6,LatCrit,local,local,0,local,local,0,0.4652864336967468,0.45281243324279785,-0.012474000453948975,0.0009835362434387207,0.04142537713050842,0.4652864336967468,0.45281243324279785,0.31312212347984314,0.33383482694625854,0.22159144282341003,0.213352769613266
40,S6,ComHvy,local,local,0,local,local,0,0.5472220182418823,0.5589075088500977,0.011685490608215332,0.0009304387494921684,0.036923035979270935,0.5472220182418823,0.5589075088500977,0.2587369978427887,0.24027545750141144,0.19404099881649017,0.20081700384616852
40,S6,BWHvy,local,local,0,local,local,0,0.6198463439941406,0.6301537752151489,0.0103074312210083,0.0003779064863920212,0.02061489224433899,0.6198463439941406,0.6301537752151489,0.2103908210992813,0.20985360443592072,0.16976284980773926,0.15999260544776917
40,S7,LatCrit,local,local,0,local,local,0,0.5174918174743652,0.5295125842094421,0.012020766735076904,0.001216195523738861,0.04232749342918396,0.5174918174743652,0.5295125842094421,0.217058464884758,0.22620142996311188,0.26544973254203796,0.2442859709262848
40,S7,ComHvy,local,local,0,local,local,0,0.5042155981063843,0.5012065768241882,-0.003009021282196045,0.000830712728202343,0.03160558640956879,0.5042155981063843,0.5012065768241882,0.22746367752552032,0.21466991305351257,0.2683207094669342,0.2841235101222992
40,S7,BWHvy,local,local,0,local,local,0,0.512114942073822,0.49522751569747925,-0.016887426376342773,0.0009740237146615982,0.0399298369884491,0.512114942073822,0.49522751569747925,0.20171083509922028,0.1986333578824997,0.2861742079257965,0.30613914132118225
40,S8,LatCrit,local,local,0,local,local,0,0.4817273020744324,0.46452581882476807,-0.017201483249664307,0.0015715975314378738,0.04919534921646118,0.4817273020744324,0.46452581882476807,0.2725662291049957,0.26517003774642944,0.2457064688205719,0.2703041434288025
40,S8,ComHvy,local,local,0,local,local,0,0.577452540397644,0.5872904658317566,0.009837925434112549,0.00022109132260084152,0.01967586576938629,0.577452540397644,0.5872904658317566,0.22764846682548523,0.22444002330303192,0.19489897787570953,0.1882694810628891
40,S8,BWHvy,local,local,0,local,local,0,0.4929644465446472,0.4883410334587097,-0.0046234130859375,0.0008079921826720238,0.030585363507270813,0.4929644465446472,0.4883410334587097,0.18255461752414703,0.19784730672836304,0.32448095083236694,0.31381168961524963
41,S1,LatCrit,local,local,0,local,local,0,0.574823260307312,0.5388544201850891,-0.0359688401222229,0.0027095340192317963,0.07193765044212341,0.574823260307312,0.5388544201850891,0.22201667726039886,0.2359490841627121,0.20316007733345032,0.2251964807510376
41,S1,ComHvy,local,local,0,BS1,local,1,0.4626902937889099,0.49522507190704346,0.032534778118133545,0.002544790506362915,0.0650695413351059,0.4626902937889099,0.49522507190704346,0.2904839813709259,0.2628696858882904,0.24682572484016418,0.24190525710582733
41,S1,BWHvy,local,local,0,local,local,0,0.4409739375114441,0.41967856884002686,-0.021295368671417236,0.0009270505979657173,0.042590707540512085,0.4409739375114441,0.41967856884002686,0.29127785563468933,0.30251890420913696,0.2677482068538666,0.2778024971485138
41,S2,LatCrit,local,local,0,local,local,0,0.47645652294158936,0.48065727949142456,0.004200756549835205,0.0012563476338982582,0.039477065205574036,0.47645652294158936,0.48065727949142456,0.25544360280036926,0.23570506274700165,0.26809990406036377,0.283637672662735
41,S2,ComHvy,local,local,0,local,local,0,0.563795804977417,0.5344886183738708,-0.029307186603546143,0.0022357581183314323,0.05861438810825348,0.563795804977417,0.5344886183738708,0.23311136662960052,0.25990456342697144,0.20309282839298248,0.2056068331003189
41,S2,BWHvy,local,local,0,local,local,0,0.41006457805633545,0.372151255607605,-0.03791332244873047,0.003636721521615982,0.07582664489746094,0.41006457805633545,0.372151255607605,0.3347856402397156,0.342228502035141,0.2551497519016266,0.28562021255493164
41,S3,LatCrit,local,local,0,local,local,0,0.4246254563331604,0.4309232234954834,0.006297767162322998,0.006195578724145889,0.08971935510635376,0.4246254563331604,0.4309232234954834,0.2641372084617615,0.30269911885261536,0.3112373352050781,0.26637765765190125
41,S3,ComHvy,local,local,0,local,local,0,0.42936670780181885,0.4432463049888611,0.013879597187042236,0.0005761957727372646,0.031044811010360718,0.42936670780181885,0.4432463049888611,0.35420891642570496,0.3386865258216858,0.216424360871315,0.21806718409061432
41,S3,BWHvy,local,local,0,local,local,0,0.5504177808761597,0.5045185089111328,-0.045899271965026855,0.005756147671490908,0.0917985588312149,0.5504177808761597,0.5045185089111328,0.25075462460517883,0.29651930928230286,0.1988276243209839,0.1989622265100479
41,S4,LatCrit,local,local,0,local,local,0,0.5779080390930176,0.6094622015953064,0.03155416250228882,0.002181515097618103,0.06310829520225525,0.5779080390930176,0.6094622015953064,0.21531181037425995,0.20364083349704742,0.20678012073040009,0.18689696490764618
41,S4,ComHvy,local,local,0,local,local,0,0.4557005763053894,0.45674562454223633,0.0010450482368469238,7.929163984954357e-06,0.0035674571990966797,0.4557005763053894,0.45674562454223633,0.2845096290111542,0.28272587060928345,0.2597898244857788,0.26052847504615784
41,S4,BWHvy,local,local,0,local,local,0,0.4965919256210327,0.48896485567092896,-0.00762706995010376,0.0047740936279296875,0.07664456963539124,0.4965919256210327,0.48896485567092896,0.26558151841163635,0.2348863184452057,0.23782655596733093,0.27614885568618774
41,S5,LatCrit,local,local,0,BS1,BS1,0,0.4069039821624756,0.3787531852722168,-0.02815079689025879,0.002328360453248024,0.05630156397819519,0.4069039821624756,0.3787531852722168,0.31675857305526733,0.31715524196624756,0.2763374447822571,0.30409154295921326
41,S5,ComHvy,local,local,0,local,local,0,0.5391182899475098,0.5799882411956787,0.040869951248168945,0.008007433265447617,0.1028812974691391,0.5391182899475098,0.5799882411956787,0.24561560153961182,0.19417494535446167,0.2152661383152008,0.2258368283510208
41,S5,BWHvy,local,local,0,local,local,0,0.5467998385429382,0.5455937385559082,-0.0012060999870300293,0.0017910897731781006,0.04106822609901428,0.5467998385429382,0.5455937385559082,0.25345727801322937,0.27399134635925293,0.19974292814731598,0.18041487038135529
41,S6,LatCrit,local,local,0,local,local,0,0.4998209476470947,0.5142503976821899,0.014429450035095215,0.004026014357805252,0.07319214940071106,0.4998209476470947,0.5142503976821899,0.24156035482883453,0.26372697949409485,0.25861868262290955,0.22202260792255402
41,S6,ComHvy,local,local,0,local,local,0,0.5424412488937378,0.5400993824005127,-0.0023418664932250977,3.075198037549853e-05,0.006247982382774353,0.5424412488937378,0.5400993824005127,0.19731725752353668,0.20044124126434326,0.26024147868156433,0.25945934653282166
41,S6,BWHvy,local,local,0,local,local,0,0.5658139586448669,0.5710845589637756,0.005270600318908691,0.008092455565929413,0.0880991667509079,0.5658139586448669,0.5710845589637756,0.19811607897281647,0.23689506947994232,0.2360699623823166,0.19202038645744324
41,S7,LatCrit,local,local,0,local,local,0,0.4879247546195984,0.5316355228424072,0.04371076822280884,0.0044502634555101395,0.08742150664329529,0.4879247546195984,0.5316355228424072,0.26804059743881226,0.23361150920391083,0.24403461813926697,0.23475296795368195
41,S7,ComHvy,local,local,0,local,local,0,0.6089009642601013,0.6225804686546326,0.01367950439453125,0.0010398025624454021,0.03390383720397949,0.6089009642601013,0.6225804686546326,0.17777696251869202,0.16082504391670227,0.21332207322120667,0.21659448742866516
41,S7,BWHvy,local,local,0,local,local,0,0.5654163360595703,0.531546413898468,-0.033869922161102295,0.002692597918212414,0.06773985922336578,0.5654163360595703,0.531546413898468,0.20847977697849274,0.23453044891357422,0.22610385715961456,0.23392312228679657
41,S8,LatCrit,local,local,0,local,local,0,0.46056419610977173,0.4378640651702881,-0.022700130939483643,0.0013689547777175903,0.04540032148361206,0.46056419610977173,0.4378640651702881,0.2549518942832947,0.25594139099121094,0.2844838798046112,0.30619457364082336
41,S8,ComHvy,local,local,0,local,local,0,0.5448321104049683,0.5462884306907654,0.0014563202857971191,2.6128720492124557e-05,0.005983635783195496,0.5448321104049683,0.5462884306907654,0.24162767827510834,0.23863585293293,0.2135402262210846,0.21507571637630463
41,S8,BWHvy,local,local,0,local,local,0,0.4979246258735657,0.4765029549598694,-0.02142167091369629,0.0029673678800463676,0.06647825241088867,0.4979246258735657,0.4765029549598694,0.2254781723022461,0.25871729850769043,0.27659720182418823,0.2647797465324402
42,S1,LatCrit,local,local,0,local,local,0,0.49385541677474976,0.5172466039657593,0.02339118719100952,0.0014455609489232302,0.04678235948085785,0.49385541677474976,0.5172466039657593,0.25964099168777466,0.2386559098958969,0.2465035766363144,0.2440974861383438
42,S1,ComHvy,local,local,0,local,local,0,0.5680041313171387,0.5831443071365356,0.015140175819396973,0.001865321770310402,0.05009230971336365,0.5680041313171387,0.5831443071365356,0.2372085303068161,0.21216236054897308,0.19478733837604523,0.20469330251216888
42,S1,BWHvy,local,local,0,local,local,0,0.4846457839012146,0.4696423411369324,-0.015003442764282227,0.0009201616048812866,0.03818422555923462,0.4846457839012146,0.4696423411369324,0.24713361263275146,0.24304497241973877,0.26822057366371155,0.28731271624565125
42,S2,LatCrit,local,local,0,local,local,0,0.45596200227737427,0.45987653732299805,0.003914535045623779,0.0008236654102802277,0.031785354018211365,0.45596200227737427,0.45987653732299805,0.225801482796669,0.20990881323814392,0.31823650002479553,0.33021464943885803
42,S2,ComHvy,local,local,0,BS2,BS2,0,0.4257155656814575,0.4255504012107849,-0.00016516447067260742,0.0001662108115851879,0.013982832431793213,0.4257155656814575,0.4255504012107849,0.28626513481140137,0.293256551027298,0.2880192995071411,0.2811930477619171
42,S2,BWHvy,local,local,0,local,local,0,0.4691799283027649,0.47087204456329346,0.0016921162605285645,0.001089882105588913,0.035503387451171875,0.4691799283027649,0.47087204456329346,0.2678164839744568,0.25006482005119324,0.26300355792045593,0.2790631651878357
42,S3,LatCrit,local,local,0,local,local,0,0.5697026252746582,0.5789665579795837,0.009263932704925537,0.0008443510159850121,0.033452942967414856,0.5697026252746582,0.5789665579795837,0.2323358952999115,0.21560943126678467,0.1979614645242691,0.2054240107536316
42,S3,ComHvy,local,local,0,local,local,0,0.5188006162643433,0.5369139909744263,0.018113374710083008,0.0006933752447366714,0.03622683882713318,0.5188006162643433,0.5369139909744263,0.28487327694892883,0.27687308192253113,0.19632616639137268,0.18621289730072021
42,S3,BWHvy,local,local,0,local,local,0,0.4432554841041565,0.44367581605911255,0.0004203319549560547,0.00014849938452243805,0.01308971643447876,0.4432554841041565,0.44367581605911255,0.3113318681716919,0.3174563944339752,0.245412677526474,0.23886781930923462
42,S4,LatCrit,local,local,0,BS2,BS2,0,0.47438234090805054,0.49097371101379395,0.016591370105743408,0.0009339079260826111,0.036983832716941833,0.47438234090805054,0.49097371101379395,0.24734298884868622,0.24924352765083313,0.27827468514442444,0.2597827613353729
42,S4,ComHvy,local,local,0,local,local,0,0.5070054531097412,0.482046902179718,-0.024958550930023193,0.002109069377183914,0.0565914511680603,0.5070054531097412,0.482046902179718,0.23559950292110443,0.23226232826709747,0.25739505887031555,0.2856907844543457
42,S4,BWHvy,local,local,0,BS1,BS1,0,0.52266526222229,0.5220575332641602,-0.0006077289581298828,7.940921932458878e-06,0.0031884461641311646,0.52266526222229,0.5220575332641602,0.25626373291015625,0.25527724623680115,0.22107098996639252,0.2226652204990387
42,S5,LatCrit,local,local,0,BS2,BS1,1,0.38485002517700195,0.40908169746398926,0.024231672286987305,0.0015227440744638443,0.04846331477165222,0.38485002517700195,0.40908169746398926,0.32900822162628174,0.3252417743206024,0.2861417233943939,0.2656765282154083
42,S5,ComHvy,local,local,0,local,local,0,0.5737422704696655,0.5859678983688354,0.012225627899169922,0.00081270607188344,0.030744150280952454,0.5737422704696655,0.5859678983688354,0.188362717628479,0.172990620136261,0.23789502680301666,0.24104145169258118
42,S5,BWHvy,local,local,0,local,local,0,0.5447146892547607,0.5506453514099121,0.005930662155151367,0.0015858616679906845,0.04102659225463867,0.5447146892547607,0.5506453514099121,0.1952529102563858,0.17473958432674408,0.26003241539001465,0.27461501955986023
42,S6,LatCrit,local,local,0,local,local,0,0.5680872201919556,0.5641614198684692,-0.003925800323486328,0.0014044083654880524,0.0384247750043869,0.5680872201919556,0.5641614198684692,0.2024645209312439,0.22167690098285675,0.22944825887680054,0.21416166424751282
42,S6,ComHvy,local,local,0,local,local,0,0.5624951124191284,0.5538321733474731,-0.008662939071655273,0.00017135590314865112,0.01732581853866577,0.5624951124191284,0.5538321733474731,0.18841934204101562,0.19422462582588196,0.24908557534217834,0.2519431710243225
42,S6,BWHvy,local,local,0,local,local,0,0.5375741720199585,0.4974055886268616,-0.040168583393096924,0.0032954253256320953,0.08033718168735504,0.5375741720199585,0.4974055886268616,0.22197741270065308,0.24549566209316254,0.24044841527938843,0.2570987641811371
42,S7,LatCrit,local,local,0,local,local,0,0.46181291341781616,0.4822140336036682,0.02040112018585205,0.0008476646617054939,0.0408022403717041,0.46181291341781616,0.4822140336036682,0.2613946497440338,0.25329461693763733,0.2767924666404724,0.26449137926101685
42,S7,ComHvy,local,local,0,local,local,0,0.5552996397018433,0.5816279053688049,0.02632826566696167,0.001620899885892868,0.05265653133392334,0.5552996397018433,0.5816279053688049,0.21498073637485504,0.2085925042629242,0.2297196090221405,0.20977957546710968
42,S7,BWHvy,local,local,0,local,local,0,0.5159937739372253,0.5164662599563599,0.0004724860191345215,0.0003413129597902298,0.018607720732688904,0.5159937739372253,0.5164662599563599,0.24320176243782043,0.25203314423561096,0.24080444872379303,0.23150059580802917
42,S8,LatCrit,local,local,0,local,local,0,0.4736579656600952,0.43995869159698486,-0.03369927406311035,0.0022995788604021072,0.06739851832389832,0.4736579656600952,0.43995869159698486,0.26142945885658264,0.27685439586639404,0.26491260528564453,0.2831869125366211
42,S8,ComHvy,local,local,0,local,local,0,0.4919133186340332,0.4789546728134155,-0.012958645820617676,0.001692419871687889,0.05174712836742401,0.4919133186340332,0.4789546728134155,0.23363764584064484,0.2207227349281311,0.27444902062416077,0.30032259225845337
42,S8,BWHvy,local,local,0,local,local,0,0.5181339979171753,0.5187391042709351,0.0006051063537597656,8.55722464621067e-05,0.009542852640151978,0.5181339979171753,0.5187391042709351,0.18276453018188477,0.18693086504936218,0.29910141229629517,0.29433000087738037
43,S1,LatCrit,local,local,0,local,local,0,0.5545598268508911,0.563483715057373,0.008923888206481934,0.0003141453489661217,0.021041616797447205,0.5545598268508911,0.563483715057373,0.24064339697360992,0.23012259602546692,0.20479680597782135,0.20639373362064362
43,S1,ComHvy,local,local,0,local,local,0,0.4529041051864624,0.46265941858291626,0.009755313396453857,0.00024701334768906236,0.019510626792907715,0.4529041051864624,0.46265941858291626,0.28729796409606934,0.2783544063568115,0.25979793071746826,0.2589861750602722
43,S1,BWHvy,local,local,0,local,local,0,0.4801521301269531,0.48370856046676636,0.0035564303398132324,0.001137002371251583,0.03731103241443634,0.4801521301269531,0.48370856046676636,0.2612984776496887,0.24264295399188995,0.25854939222335815,0.2736484706401825
43,S2,LatCrit,local,local,0,BS2,BS2,0,0.4449641704559326,0.4549404978752136,0.009976327419281006,0.00020126067101955414,0.019952699542045593,0.4449641704559326,0.4549404978752136,0.24725806713104248,0.24254922568798065,0.3077777922153473,0.30251026153564453
43,S2,ComHvy,local,local,0,local,local,0,0.5182703733444214,0.5163534283638,-0.0019169449806213379,0.0001360895112156868,0.01317507028579712,0.5182703733444214,0.5163534283638,0.2534790635108948,0.2600666284561157,0.22825053334236145,0.22357997298240662
43,S2,BWHvy,local,local,0,BS1,BS1,0,0.4599926471710205,0.45749902725219727,-0.002493619918823242,9.488454088568687e-05,0.01150628924369812,0.4599926471710205,0.45749902725219727,0.31014734506607056,0.30688780546188354,0.22986002266407013,0.235613152384758
43,S3,LatCrit,local,local,0,local,local,0,0.5259079337120056,0.5410509705543518,0.015143036842346191,0.009664073586463928,0.10325483977794647,0.5259079337120056,0.5410509705543518,0.24884186685085297,0.2853262424468994,0.22525019943714142,0.17362277209758759
43,S3,ComHvy,BS1,local,1,BS1,BS1,0,0.40066996216773987,0.3990541696548462,-0.0016157925128936768,0.0024244878441095352,0.06413932144641876,0.38693785667419434,0.3990541696548462,0.40066996216773987,0.3686003088951111,0.2123921811580658,0.23234553635120392
43,S3,BWHvy,local,local,0,local,local,0,0.4434638023376465,0.38027679920196533,-0.06318700313568115,0.008633937686681747,0.12637397646903992,0.4434638023376465,0.38027679920196533,0.2871844172477722,0.33022281527519226,0.2693517804145813,0.28950035572052
43,S4,LatCrit,local,local,0,local,local,0,0.4826490879058838,0.49174201488494873,0.009092926979064941,0.00045911315828561783,0.026496320962905884,0.4826490879058838,0.49174201488494873,0.2506958842277527,0.2548511028289795,0.2666550576686859,0.2534068822860718
43,S4,ComHvy,local,local,0,BS2,BS2,0,0.4379618763923645,0.42117297649383545,-0.016788899898529053,0.0006474629044532776,0.033577799797058105,0.4379618763923645,0.42117297649383545,0.253233402967453,0.2562146484851837,0.3088047206401825,0.32261237502098083
43,S4,BWHvy,local,local,0,local,local,0,0.48222053050994873,0.45244479179382324,-0.02977573871612549,0.0025700367987155914,0.05955149233341217,0.48222053050994873,0.45244479179382324,0.2697824239730835,0.2702089250087738,0.24799703061580658,0.27734628319740295
43,S5,LatCrit,local,local,0,local,local,0,0.47494786977767944,0.46943598985671997,-0.005511879920959473,0.000942181795835495,0.0358407199382782,0.47494786977767944,0.46943598985671997,0.28118401765823364,0.2687755525112152,0.24386808276176453,0.2617884576320648
43,S5,ComHvy,local,local,0,local,local,0,0.5297995805740356,0.546504020690918,0.016704440116882324,0.005960920825600624,0.08526808023452759,0.5297995805740356,0.546504020690918,0.23744671046733856,0.19481271505355835,0.2327536791563034,0.25868332386016846
43,S5,BWHvy,local,local,0,local,local,0,0.501435399055481,0.44945746660232544,-0.05197793245315552,0.009343171492218971,0.12127529084682465,0.501435399055481,0.44945746660232544,0.25252076983451843,0.31315842270851135,0.2460438460111618,0.2373841404914856
43,S6,LatCrit,local,local,0,local,BS2,1,0.46190565824508667,0.4276570677757263,-0.03424859046936035,0.0037993602454662323,0.07530513405799866,0.46190565824508667,0.4276570677757263,0.26547250151634216,0.3031251132488251,0.2726217806339264,0.269217848777771
43,S6,ComHvy,local,local,0,local,local,0,0.5814427137374878,0.5861190557479858,0.004676342010498047,7.176818326115608e-05,0.00979788601398468,0.5814427137374878,0.5861190557479858,0.18849384784698486,0.18871644139289856,0.23006342351436615,0.2251644730567932
43,S6,BWHvy,local,local,0,local,local,0,0.5727236866950989,0.5337518453598022,-0.03897184133529663,0.007513835094869137,0.10616394877433777,0.5727236866950989,0.5337518453598022,0.21537265181541443,0.2684546411037445,0.2119036465883255,0.19779352843761444
43,S7,LatCrit,local,local,0,local,local,0,0.5020830631256104,0.5437051653862,0.0416221022605896,0.0036346279084682465,0.0832442194223404,0.5020830631256104,0.5437051653862,0.24595850706100464,0.21968814730644226,0.2519584596157074,0.23660670220851898
43,S7,ComHvy,local,local,0,local,local,0,0.576421856880188,0.6010358929634094,0.024614036083221436,0.0013223104178905487,0.049228087067604065,0.576421856880188,0.6010358929634094,0.21402326226234436,0.19803418219089508,0.20955489575862885,0.2009299248456955
43,S7,BWHvy,local,local,0,local,local,0,0.5377140045166016,0.5047440528869629,-0.03296995162963867,0.0022971052676439285,0.0659399926662445,0.5377140045166016,0.5047440528869629,0.20477311313152313,0.2250032275915146,0.2575128674507141,0.2702527940273285
43,S8,LatCrit,local,local,0,local,local,0,0.49105483293533325,0.46140843629837036,-0.02964639663696289,0.0017753904685378075,0.059292808175086975,0.49105483293533325,0.46140843629837036,0.26894691586494446,0.2828145921230316,0.2399982362985611,0.255776971578598
43,S8,ComHvy,local,local,0,local,local,0,0.5494275689125061,0.5582666397094727,0.008839070796966553,0.0004208446480333805,0.024988189339637756,0.5494275689125061,0.5582666397094727,0.2547694444656372,0.24227532744407654,0.19580300152301788,0.19945800304412842
43,S8,BWHvy,local,local,0,local,local,0,0.5242699980735779,0.5161786079406738,-0.008091390132904053,0.0015948731452226639,0.044919997453689575,0.5242699980735779,0.5161786079406738,0.208001509308815,0.23046152293682098,0.2677284777164459,0.2533598840236664
44,S1,LatCrit,local,local,0,BS2,local,1,0.43127042055130005,0.4747622013092041,0.04349178075790405,0.003940757364034653,0.0869835615158081,0.43127042055130005,0.4747622013092041,0.27113157510757446,0.244749516248703,0.2975980043411255,0.2804882824420929
44,S1,ComHvy,local,local,0,local,local,0,0.46889084577560425,0.4842325448989868,0.015341699123382568,0.0005693277344107628,0.03068336844444275,0.46889084577560425,0.4842325448989868,0.28037789463996887,0.2772156298160553,0.2507312297821045,0.23855182528495789
44,S1,BWHvy,local,local,0,local,local,0,0.513379693031311,0.5510486364364624,0.03766894340515137,0.0031351186335086823,0.07533790171146393,0.513379693031311,0.5510486364364624,0.2470046728849411,0.23548507690429688,0.23961564898490906,0.21346628665924072
44,S2,LatCrit,local,local,0,local,local,0,0.4310044050216675,0.4150068759918213,-0.01599752902984619,0.0006525709759443998,0.03199504315853119,0.4310044050216675,0.4150068759918213,0.22568753361701965,0.23810629546642303,0.34330809116363525,0.34688684344291687
44,S2,ComHvy,local,local,0,BS1,BS1,0,0.43342316150665283,0.42328792810440063,-0.010135233402252197,0.00021228380501270294,0.02027040719985962,0.43342316150665283,0.42328792810440063,0.25967147946357727,0.2651265561580658,0.3069053888320923,0.3115854859352112
44,S2,BWHvy,local,local,0,BS1,BS1,0,0.5213432312011719,0.5340877771377563,0.012744545936584473,0.0003274381160736084,0.025489136576652527,0.5213432312011719,0.5340877771377563,0.23513317108154297,0.22831133008003235,0.24352364242076874,0.2376008927822113
44,S3,LatCrit,local,local,0,local,local,0,0.6196926832199097,0.651271641254425,0.03157895803451538,0.003117525950074196,0.06315787136554718,0.6196926832199097,0.651271641254425,0.2121441811323166,0.20669317245483398,0.16816310584545135,0.14203520119190216
44,S3,ComHvy,local,local,0,local,local,0,0.4585161805152893,0.4188188314437866,-0.039697349071502686,0.0032343249768018723,0.07939468324184418,0.4585161805152893,0.4188188314437866,0.32364168763160706,0.3447958528995514,0.21784211695194244,0.2363852858543396
44,S3,BWHvy,local,local,0,local,local,0,0.45212697982788086,0.41574978828430176,-0.0363771915435791,0.0028840629383921623,0.0727543830871582,0.45212697982788086,0.41574978828430176,0.2999274730682373,0.32728928327560425,0.24794554710388184,0.256960928440094
44,S4,LatCrit,local,local,0,BS2,BS2,0,0.437341570854187,0.3883969783782959,-0.04894459247589111,0.005024261772632599,0.09788915514945984,0.437341570854187,0.3883969783782959,0.27819254994392395,0.2983417212963104,0.28446587920188904,0.3132612705230713
44,S4,ComHvy,local,local,0,local,local,0,0.5586533546447754,0.5653294324874878,0.006676077842712402,9.080884046852589e-05,0.01335214078426361,0.5586533546447754,0.5653294324874878,0.20297610759735107,0.19968855381011963,0.23837053775787354,0.23498202860355377
44,S4,BWHvy,local,local,0,local,local,0,0.5895262956619263,0.5339288711547852,-0.05559742450714111,0.006315469741821289,0.11119486391544342,0.5895262956619263,0.5339288711547852,0.20362144708633423,0.22721973061561584,0.2068522721529007,0.2388514280319214
44,S5,LatCrit,local,local,0,local,local,0,0.48109400272369385,0.447185218334198,-0.03390878438949585,0.002829705597832799,0.06781753897666931,0.48109400272369385,0.447185218334198,0.29155978560447693,0.3227637708187103,0.22734622657299042,0.23005099594593048
44,S5,ComHvy,local,local,0,local,BS2,1,0.5324746370315552,0.47919565439224243,-0.053278982639312744,0.00656861811876297,0.10655798017978668,0.5324746370315552,0.47919565439224243,0.20332229137420654,0.21068473160266876,0.2642030417919159,0.3101195991039276
44,S5,BWHvy,local,local,0,local,local,0,0.437893271446228,0.4460274577140808,0.008134186267852783,0.0018987152725458145,0.05232471227645874,0.437893271446228,0.4460274577140808,0.2704392969608307,0.2884674668312073,0.29166746139526367,0.2655051052570343
44,S6,LatCrit,local,local,0,local,local,0,0.5263616442680359,0.5018130540847778,-0.024548590183258057,0.002015995793044567,0.05212259292602539,0.5263616442680359,0.5018130540847778,0.22183753550052643,0.2478988617658615,0.2518008053302765,0.25028812885284424
44,S6,ComHvy,local,local,0,local,local,0,0.5124161243438721,0.5234473347663879,0.01103121042251587,0.0016357442364096642,0.04540945589542389,0.5124161243438721,0.5234473347663879,0.2177037000656128,0.19499896466732025,0.2698802053928375,0.281553715467453
44,S6,BWHvy,local,local,0,local,local,0,0.4984813332557678,0.5458776354789734,0.047396302223205566,0.004565354436635971,0.09479257464408875,0.4984813332557678,0.5458776354789734,0.2624061107635498,0.24093247950077057,0.23911252617835999,0.21318988502025604
44,S7,LatCrit,local,local,0,local,local,0,0.4782571792602539,0.48275768756866455,0.0045005083084106445,0.00045575574040412903,0.02535349130630493,0.4782571792602539,0.48275768756866455,0.24782106280326843,0.25599730014801025,0.27392175793647766,0.2612450122833252
44,S7,ComHvy,local,local,0,local,local,0,0.4966583251953125,0.5105501413345337,0.013891816139221191,0.0003967108204960823,0.02778366208076477,0.4966583251953125,0.5105501413345337,0.23263806104660034,0.22780489921569824,0.27070361375808716,0.2616449296474457
44,S7,BWHvy,local,local,0,local,local,0,0.5540744066238403,0.5328004360198975,-0.02127397060394287,0.0009900657460093498,0.04254792630672455,0.5540744066238403,0.5328004360198975,0.24276240170001984,0.2587181329727173,0.20316317677497864,0.20848140120506287
44,S8,LatCrit,local,local,0,local,local,0,0.4846285581588745,0.4546157717704773,-0.030012786388397217,0.0019548870623111725,0.06002555787563324,0.4846285581588745,0.4546157717704773,0.27109596133232117,0.2804437279701233,0.24427549540996552,0.2649405002593994
44,S8,ComHvy,local,local,0,local,local,0,0.4000357985496521,0.38429737091064453,-0.01573842763900757,0.0027634575963020325,0.06978979706764221,0.4000357985496521,0.38429737091064453,0.27336567640304565,0.2542092204093933,0.32659849524497986,0.36149340867996216
44,S8,BWHvy,local,local,0,local,local,0,0.45466887950897217,0.4977549910545349,0.043086111545562744,0.0043023452162742615,0.08617223799228668,0.45466887950897217,0.4977549910545349,0.2687382996082306,0.25912389159202576,0.27659282088279724,0.24312110245227814
45,S1,LatCrit,local,local,0,local,local,0,0.5577539205551147,0.5838007926940918,0.02604687213897705,0.002566325245425105,0.05747106671333313,0.5577539205551147,0.5838007926940918,0.23006203770637512,0.20132651925086975,0.21218401193618774,0.21487268805503845
45,S1,ComHvy,local,local,0,local,local,0,0.4450313448905945,0.4360935688018799,-0.0089377760887146,0.0014091497287154198,0.04679065942764282,0.4450313448905945,0.4360935688018799,0.2811979353427887,0.3045932650566101,0.2737707197666168,0.25931316614151
45,S1,BWHvy,local,local,0,local,local,0,0.5633329153060913,0.5571873784065247,-0.00614553689956665,0.00014063130947761238,0.013235092163085938,0.5633329153060913,0.5571873784065247,0.2014828324317932,0.20810037851333618,0.23518425226211548,0.23471224308013916
45,S2,LatCrit,local,local,0,local,local,0,0.46821844577789307,0.49575328826904297,0.027534842491149902,0.0025569512508809566,0.05506965517997742,0.46821844577789307,0.49575328826904297,0.21306854486465454,0.1867331564426422,0.31871297955513,0.3175135552883148
45,S2,ComHvy,local,local,0,local,local,0,0.5599533319473267,0.5766583681106567,0.016705036163330078,0.0010556858032941818,0.03436586260795593,0.5599533319473267,0.5766583681106567,0.19359931349754333,0.17641636729240417,0.24644735455513,0.2469252347946167
45,S2,BWHvy,local,local,0,local,local,0,0.48834431171417236,0.4742714762687683,-0.014072835445404053,0.0008013211190700531,0.03479912877082825,0.48834431171417236,0.4742714762687683,0.2590275704860687,0.25570082664489746,0.2526281177997589,0.27002766728401184
45,S3,LatCrit,local,local,0,BS1,BS1,0,0.5165479779243469,0.4492124915122986,-0.06733548641204834,0.009702775627374649,0.13467097282409668,0.5165479779243469,0.4492124915122986,0.26455625891685486,0.2877548336982727,0.21889576315879822,0.2630326747894287
45,S3,ComHvy,local,local,0,local,local,0,0.47293853759765625,0.4106621742248535,-0.062276363372802734,0.008004758507013321,0.12455272674560547,0.47293853759765625,0.4106621742248535,0.26814642548561096,0.29432690143585205,0.2589150369167328,0.29501092433929443
45,S3,BWHvy,local,local,0,BS1,local,1,0.47632014751434326,0.4828944802284241,0.0065743327140808105,0.00022535049356520176,0.019258245825767517,0.47632014751434326,0.4828944802284241,0.2960854172706604,0.28645628690719604,0.22759445011615753,0.23064923286437988
45,S4,LatCrit,local,local,0,local,local,0,0.499284029006958,0.43799328804016113,-0.061290740966796875,0.009869612753391266,0.12258148193359375,0.499284029006958,0.43799328804016113,0.24603861570358276,0.2493305504322052,0.2546773850917816,0.31267619132995605
45,S4,ComHvy,local,local,0,local,local,0,0.5614279508590698,0.5962553024291992,0.034827351570129395,0.002681335434317589,0.06965474784374237,0.5614279508590698,0.5962553024291992,0.18226788938045502,0.17356067895889282,0.25630417466163635,0.23018398880958557
45,S4,BWHvy,local,local,0,local,local,0,0.6428602933883667,0.6316521167755127,-0.011208176612854004,0.001344120129942894,0.03985844552516937,0.6428602933883667,0.6316521167755127,0.17596827447414398,0.16724726557731628,0.18117140233516693,0.2011006623506546
45,S5,LatCrit,local,local,0,local,local,0,0.5424963235855103,0.5328863859176636,-0.00960993766784668,0.0006990260444581509,0.03160394728183746,0.5424963235855103,0.5328863859176636,0.2256988137960434,0.24150076508522034,0.23180486261844635,0.2256128042936325
45,S5,ComHvy,local,local,0,local,local,0,0.44852691888809204,0.4300113320350647,-0.018515586853027344,0.0009740069508552551,0.040796950459480286,0.44852691888809204,0.4300113320350647,0.2013808935880661,0.1994979977607727,0.35009217262268066,0.3704906404018402
45,S5,BWHvy,local,local,0,local,local,0,0.5753878355026245,0.6016651391983032,0.02627730369567871,0.0027523052413016558,0.05795624852180481,0.5753878355026245,0.6016651391983032,0.21459972858428955,0.18562158942222595,0.21001243591308594,0.21271324157714844
45,S6,LatCrit,local,local,0,local,local,0,0.5775314569473267,0.5782716274261475,0.0007401704788208008,0.0002986406907439232,0.016590610146522522,0.5775314569473267,0.5782716274261475,0.20432445406913757,0.21187958121299744,0.21814408898353577,0.2098487764596939
45,S6,ComHvy,local,local,0,local,local,0,0.49591296911239624,0.4918663501739502,-0.004046618938446045,0.0018960237503051758,0.047641217708587646,0.49591296911239624,0.4918663501739502,0.2541743218898773,0.23440031707286835,0.24991272389888763,0.27373331785202026
45,S6,BWHvy,local,local,0,local,local,0,0.4306798577308655,0.4292558431625366,-0.0014240145683288574,0.0020228195935487747,0.04902400076389313,0.4306798577308655,0.4292558431625366,0.32857754826545715,0.30548956990242004,0.24074260890483856,0.2652546167373657
45,S7,LatCrit,local,local,0,BS2,BS2,0,0.46425187587738037,0.4716189503669739,0.007367074489593506,0.00015782230184413493,0.014734148979187012,0.46425187587738037,0.4716189503669739,0.270792156457901,0.26350072026252747,0.26495596766471863,0.26488032937049866
45,S7,ComHvy,local,local,0,local,local,0,0.47429782152175903,0.4646042585372925,-0.009693562984466553,0.0004745759069919586,0.02748936414718628,0.47429782152175903,0.4646042585372925,0.26702743768692017,0.2807721197605133,0.2586747407913208,0.2546236217021942
45,S7,BWHvy,local,local,0,local,local,0,0.5253163576126099,0.5464664697647095,0.02115011215209961,0.0011218823492527008,0.04230023920536041,0.5253163576126099,0.5464664697647095,0.275775283575058,0.27029964327812195,0.19890834391117096,0.1832338571548462
45,S8,LatCrit,local,local,0,local,local,0,0.48905909061431885,0.521750807762146,0.03269171714782715,0.002634843811392784,0.06538340449333191,0.48905909061431885,0.521750807762146,0.28075259923934937,0.2732365131378174,0.2301882952451706,0.20501269400119781
45,S8,ComHvy,local,local,0,local,local,0,0.4724377393722534,0.4943380355834961,0.021900296211242676,0.0009613847360014915,0.043800607323646545,0.4724377393722534,0.4943380355834961,0.259863018989563,0.24849121272563934,0.267699271440506,0.25717076659202576
45,S8,BWHvy,local,local,0,local,local,0,0.5876964330673218,0.544388473033905,-0.04330796003341675,0.004572626203298569,0.08661593496799469,0.5876964330673218,0.544388473033905,0.2163051962852478,0.22513140738010406,0.19599837064743042,0.2304801344871521
46,S1,LatCrit,local,local,0,local,local,0,0.620614767074585,0.6122092008590698,-0.008405566215515137,0.0008361246436834335,0.03082650899887085,0.620614767074585,0.6122092008590698,0.20922277867794037,0.2022150605916977,0.17016246914863586,0.1855756938457489
46,S1,ComHvy,BS1,BS1,0,BS1,BS1,0,0.37584802508354187,0.3692379891872406,-0.0066100358963012695,0.0003660833463072777,0.025779008865356445,0.34345489740371704,0.35634440183639526,0.37584802508354187,0.3692379891872406,0.2806971073150635,0.2744176387786865
46,S1,BWHvy,local,local,0,local,local,0,0.5585556626319885,0.5418249368667603,-0.01673072576522827,0.0009970366954803467,0.03604148328304291,0.5585556626319885,0.5418249368667603,0.23329944908618927,0.23200945556163788,0.208144873380661,0.22616563737392426
46,S2,LatCrit,local,local,0,local,local,0,0.4825906753540039,0.511185884475708,0.0285952091217041,0.0016801944002509117,0.05719037353992462,0.4825906753540039,0.511185884475708,0.27731087803840637,0.25878438353538513,0.24009843170642853,0.23002976179122925
46,S2,ComHvy,local,local,0,local,local,0,0.5719308853149414,0.5776614546775818,0.005730569362640381,0.0007549738511443138,0.029427438974380493,0.5719308853149414,0.5776614546775818,0.2071654498577118,0.19245174527168274,0.22090362012386322,0.22988678514957428
46,S2,BWHvy,local,local,0,BS1,BS1,0,0.4564124345779419,0.46043288707733154,0.0040204524993896484,0.00017277617007493973,0.015393286943435669,0.4564124345779419,0.46043288707733154,0.3175634741783142,0.3212396800518036,0.22602404654026031,0.21832741796970367
46,S3,LatCrit,local,local,0,local,local,0,0.5341576337814331,0.5276115536689758,-0.006546080112457275,0.00015526823699474335,0.014706522226333618,0.5341576337814331,0.5276115536689758,0.23346854746341705,0.24082180857658386,0.23237383365631104,0.2315666526556015
46,S3,ComHvy,local,local,0,local,local,0,0.4344661831855774,0.3989282250404358,-0.0355379581451416,0.004584267735481262,0.07941019535064697,0.4344661831855774,0.3989282250404358,0.33063554763793945,0.32646840810775757,0.23489826917648315,0.27460336685180664
46,S3,BWHvy,local,local,0,local,local,0,0.510263204574585,0.5015682578086853,-0.008694946765899658,0.00021973534603603184,0.01738990843296051,0.510263204574585,0.5015682578086853,0.23265166580677032,0.24094831943511963,0.2570851445198059,0.25748345255851746
46,S4,LatCrit,local,local,0,local,local,0,0.5810046792030334,0.542745053768158,-0.03825962543487549,0.003023426979780197,0.07651926577091217,0.5810046792030334,0.542745053768158,0.20958976447582245,0.23254121840000153,0.2094055563211441,0.2247137427330017
46,S4,ComHvy,local,local,0,local,local,0,0.48029637336730957,0.45368558168411255,-0.02661079168319702,0.001785640837624669,0.053221553564071655,0.48029637336730957,0.45368558168411255,0.26855966448783875,0.29247674345970154,0.2511439919471741,0.2538376748561859
46,S4,BWHvy,local,local,0,local,local,0,0.5522294044494629,0.5480718612670898,-0.004157543182373047,0.001396307721734047,0.03879562020301819,0.5522294044494629,0.5480718612670898,0.2512921988964081,0.23605191707611084,0.19647838175296783,0.21587617695331573
46,S5,LatCrit,local,local,0,local,local,0,0.5180339217185974,0.5357608795166016,0.01772695779800415,0.0008613695972599089,0.03545388579368591,0.5180339217185974,0.5357608795166016,0.26925817131996155,0.2522076368331909,0.21270789206027985,0.2120314985513687
46,S5,ComHvy,local,local,0,local,local,0,0.3964594602584839,0.4173014760017395,0.020842015743255615,0.007961299270391464,0.10611765086650848,0.3964594602584839,0.4173014760017395,0.2721732556819916,0.21911443769931793,0.33136728405952454,0.36358410120010376
46,S5,BWHvy,local,local,0,local,local,0,0.6155019402503967,0.6127271056175232,-0.002774834632873535,0.000570269301533699,0.023423686623573303,0.6155019402503967,0.6127271056175232,0.23879317939281464,0.2505050301551819,0.14570485055446625,0.13676784932613373
46,S6,LatCrit,local,local,0,local,local,0,0.44807571172714233,0.4386054277420044,-0.00947028398513794,0.0009166263043880463,0.037314534187316895,0.44807571172714233,0.4386054277420044,0.2456674575805664,0.26432475447654724,0.30625680088996887,0.29706984758377075
46,S6,ComHvy,local,local,0,BS2,BS2,0,0.48309290409088135,0.4992258548736572,0.01613295078277588,0.000556678045541048,0.03226594626903534,0.48309290409088135,0.4992258548736572,0.19449949264526367,0.18557433784008026,0.32240763306617737,0.3151997923851013
46,S6,BWHvy,local,local,0,local,local,0,0.5056207180023193,0.49719417095184326,-0.008426547050476074,0.0008602514863014221,0.035524219274520874,0.5056207180023193,0.49719417095184326,0.2476426661014557,0.2654047906398773,0.24673660099506378,0.2374010533094406
46,S7,LatCrit,local,local,0,local,local,0,0.5145038366317749,0.49229663610458374,-0.022207200527191162,0.001232384005561471,0.044414445757865906,0.5145038366317749,0.49229663610458374,0.2954554259777069,0.3168187439441681,0.1900406926870346,0.19088461995124817
46,S7,ComHvy,local,local,0,local,local,0,0.5237839818000793,0.5669752359390259,0.04319125413894653,0.004329627379775047,0.08638256788253784,0.5237839818000793,0.5669752359390259,0.22064131498336792,0.1902332603931427,0.25557470321655273,0.24279144406318665
46,S7,BWHvy,local,local,0,local,local,0,0.5111850500106812,0.522010087966919,0.010825037956237793,0.00030036631505936384,0.021650075912475586,0.5111850500106812,0.522010087966919,0.26608511805534363,0.25628629326820374,0.22272983193397522,0.22170361876487732
46,S8,LatCrit,local,local,0,local,local,0,0.5165882110595703,0.5212678909301758,0.004679679870605469,6.647920235991478e-05,0.010183602571487427,0.5165882110595703,0.5212678909301758,0.19168813526630402,0.19210024178028107,0.29172366857528687,0.28663185238838196
46,S8,ComHvy,local,local,0,local,local,0,0.44528019428253174,0.44868528842926025,0.0034050941467285156,0.0011395737528800964,0.03866735100746155,0.44528019428253174,0.44868528842926025,0.3076426684856415,0.2883090078830719,0.24707713723182678,0.26300573348999023
46,S8,BWHvy,local,local,0,local,local,0,0.625813901424408,0.595098614692688,-0.03071528673171997,0.0022721849381923676,0.061430543661117554,0.625813901424408,0.595098614692688,0.18366043269634247,0.20680367946624756,0.19052566587924957,0.19809767603874207
47,S1,LatCrit,local,local,0,local,local,0,0.5387579202651978,0.5563414096832275,0.017583489418029785,0.001041802461259067,0.037326380610466,0.5387579202651978,0.5563414096832275,0.24220813810825348,0.22354494035243988,0.21903394162654877,0.2201136350631714
47,S1,ComHvy,local,local,0,local,local,0,0.4862074851989746,0.49071794748306274,0.004510462284088135,0.0019274838268756866,0.04658596217632294,0.4862074851989746,0.49071794748306274,0.29445070028305054,0.31323322653770447,0.21934179961681366,0.1960488259792328
47,S1,BWHvy,local,local,0,local,local,0,0.6062078475952148,0.6093043088912964,0.003096461296081543,0.00036032963544130325,0.019484415650367737,0.6062078475952148,0.6093043088912964,0.18733982741832733,0.19398561120033264,0.20645229518413544,0.19671012461185455
47,S2,LatCrit,local,local,0,local,local,0,0.48886555433273315,0.497248113155365,0.008382558822631836,0.00017452088650316,0.016765132546424866,0.48886555433273315,0.497248113155365,0.24306350946426392,0.2361849695444107,0.2680709660053253,0.2665669322013855
47,S2,ComHvy,local,local,0,BS1,local,1,0.43499505519866943,0.4696410894393921,0.034646034240722656,0.002589418552815914,0.06929203867912292,0.43499505519866943,0.4696410894393921,0.2639934718608856,0.24130156636238098,0.30101144313812256,0.28905734419822693
47,S2,BWHvy,local,local,0,local,local,0,0.5263588428497314,0.4976837635040283,-0.028675079345703125,0.002313576638698578,0.05735008418560028,0.5263588428497314,0.4976837635040283,0.21522243320941925,0.24157270789146423,0.2584187686443329,0.26074349880218506
47,S3,LatCrit,local,local,0,local,local,0,0.5446144342422485,0.5226614475250244,-0.02195298671722412,0.0009915032424032688,0.04390595853328705,0.5446144342422485,0.5226614475250244,0.2697710692882538,0.28518521785736084,0.1856144666671753,0.19215328991413116
47,S3,ComHvy,local,local,0,local,local,0,0.44541406631469727,0.36801064014434814,-0.07740342617034912,0.017687462270259857,0.15481425821781158,0.44541406631469727,0.36801064014434814,0.3073641359806061,0.30736044049263,0.24722178280353546,0.32462891936302185
47,S3,BWHvy,local,local,0,local,local,0,0.4775886535644531,0.4952744245529175,0.017685770988464355,0.0013258177787065506,0.045476898550987244,0.4775886535644531,0.4952744245529175,0.23582985997200012,0.2408825308084488,0.28658151626586914,0.2638430595397949
47,S4,LatCrit,local,local,0,BS1,BS1,0,0.4632200002670288,0.4265044331550598,-0.036715567111968994,0.003031346946954727,0.07343113422393799,0.4632200002670288,0.4265044331550598,0.2784702777862549,0.288039892911911,0.2583097219467163,0.2854556739330292
47,S4,ComHvy,local,local,0,local,local,0,0.48841845989227295,0.5178476572036743,0.029429197311401367,0.0017590038478374481,0.05885836482048035,0.48841845989227295,0.5178476572036743,0.17587262392044067,0.16344952583312988,0.3357089161872864,0.3187028467655182
47,S4,BWHvy,local,local,0,local,local,0,0.5541278123855591,0.5078507661819458,-0.04627704620361328,0.006945446133613586,0.09529942274093628,0.5541278123855591,0.5078507661819458,0.24513088166713715,0.2437582015991211,0.20074133574962616,0.2483910322189331
47,S5,LatCrit,local,local,0,local,local,0,0.5772411227226257,0.6060569286346436,0.028815805912017822,0.0019731037318706512,0.057631656527519226,0.5772411227226257,0.6060569286346436,0.18839991092681885,0.18227684497833252,0.2343589812517166,0.21166619658470154
47,S5,ComHvy,local,local,0,BS1,BS1,0,0.4020167589187622,0.3892565965652466,-0.012760162353515625,0.009100791066884995,0.11642473936080933,0.4020167589187622,0.3892565965652466,0.2820618152618408,0.23660960793495178,0.315921425819397,0.37413379549980164
47,S5,BWHvy,local,local,0,local,local,0,0.5446752309799194,0.529811680316925,-0.014863550662994385,0.0017389645799994469,0.04907390475273132,0.5446752309799194,0.529811680316925,0.2088678628206253,0.23340483009815216,0.24645686149597168,0.2367834746837616
47,S6,LatCrit,local,local,0,local,local,0,0.5033594369888306,0.510026216506958,0.006666779518127441,0.00019090762361884117,0.016725480556488037,0.5033594369888306,0.510026216506958,0.2529734969139099,0.24461078643798828,0.24366702139377594,0.2453630119562149
47,S6,ComHvy,local,local,0,local,local,0,0.5621353387832642,0.5709013938903809,0.0087660551071167,0.0029145386070013046,0.056908994913101196,0.5621353387832642,0.5709013938903809,0.2213468700647354,0.19289237260818481,0.21651777625083923,0.23620621860027313
47,S6,BWHvy,local,local,0,local,local,0,0.5125500559806824,0.5166789293289185,0.004128873348236084,3.601412754505873e-05,0.008257761597633362,0.5125500559806824,0.5166789293289185,0.262859582901001,0.2599695920944214,0.22459037601947784,0.22335147857666016
47,S7,LatCrit,local,local,0,local,local,0,0.42118728160858154,0.4313960075378418,0.010208725929260254,0.0007438044995069504,0.03371128439903259,0.42118728160858154,0.4313960075378418,0.3100888133049011,0.31673574447631836,0.26872390508651733,0.25186827778816223
47,S7,ComHvy,local,local,0,local,local,0,0.5454599857330322,0.5934983491897583,0.048038363456726074,0.00521908700466156,0.09607674181461334,0.5454599857330322,0.5934983491897583,0.18663610517978668,0.17621925473213196,0.2679038941860199,0.23028236627578735
47,S7,BWHvy,local,local,0,local,local,0,0.42460954189300537,0.454767107963562,0.03015756607055664,0.0018810052424669266,0.06031516194343567,0.42460954189300537,0.454767107963562,0.29603588581085205,0.2773415148258209,0.2793545722961426,0.2678913474082947
47,S8,LatCrit,local,local,0,local,local,0,0.6083908081054688,0.5882151126861572,-0.020175695419311523,0.0008489340543746948,0.04035139083862305,0.6083908081054688,0.5882151126861572,0.18640835583209991,0.1950494647026062,0.20520085096359253,0.21673543751239777
47,S8,ComHvy,local,local,0,BS2,BS2,0,0.41486650705337524,0.4481884241104126,0.033321917057037354,0.002749696373939514,0.06664377450942993,0.41486650705337524,0.4481884241104126,0.2926868200302124,0.2873370349407196,0.29244664311408997,0.2644745707511902
47,S8,BWHvy,local,local,0,local,local,0,0.532598614692688,0.5184935331344604,-0.014105081558227539,0.0004509715363383293,0.028210163116455078,0.532598614692688,0.5184935331344604,0.20596958696842194,0.21576131880283356,0.26143181324005127,0.2657451629638672
48,S1,LatCrit,local,local,0,local,local,0,0.5086877346038818,0.4894794225692749,-0.019208312034606934,0.0010573696345090866,0.03841668367385864,0.5086877346038818,0.4894794225692749,0.26027098298072815,0.2612485885620117,0.23104125261306763,0.24927201867103577
48,S1,ComHvy,local,local,0,local,local,0,0.44682610034942627,0.47008538246154785,0.023259282112121582,0.0010913992300629616,0.046518564224243164,0.44682610034942627,0.47008538246154785,0.2774355113506317,0.26665812730789185,0.275738388299942,0.2632564902305603
48,S1,BWHvy,local,local,0,local,local,0,0.528171181678772,0.5562993288040161,0.02812814712524414,0.001624586060643196,0.05625633895397186,0.528171181678772,0.5562993288040161,0.22577910125255585,0.2147267460823059,0.24604973196983337,0.2289738953113556
48,S2,LatCrit,local,local,0,local,local,0,0.5362169146537781,0.5572474002838135,0.0210304856300354,0.0012985712382942438,0.042060911655426025,0.5362169146537781,0.5572474002838135,0.23552098870277405,0.2155914157629013,0.2282620668411255,0.2271612137556076
48,S2,ComHvy,local,local,0,local,local,0,0.5265626907348633,0.49669283628463745,-0.02986985445022583,0.0017969775944948196,0.059739768505096436,0.5265626907348633,0.49669283628463745,0.2015644758939743,0.2160511463880539,0.27187278866767883,0.28725603222846985
48,S2,BWHvy,local,local,0,local,local,0,0.4996740221977234,0.48217809200286865,-0.017495930194854736,0.0006132358685135841,0.03499189019203186,0.4996740221977234,0.48217809200286865,0.2547771632671356,0.2640991806983948,0.245548814535141,0.25372275710105896
48,S3,LatCrit,local,local,0,local,local,0,0.4541628360748291,0.48574531078338623,0.03158247470855713,0.004066687077283859,0.06837709248065948,0.4541628360748291,0.48574531078338623,0.32834091782569885,0.33094701170921326,0.21749621629714966,0.1833076924085617
48,S3,ComHvy,local,local,0,BS1,BS1,0,0.42866021394729614,0.3973293900489807,-0.03133082389831543,0.003525450825691223,0.07344430685043335,0.42866021394729614,0.3973293900489807,0.27252089977264404,0.3092430531978607,0.2988188862800598,0.29342755675315857
48,S3,BWHvy,local,local,0,local,local,0,0.6043221950531006,0.5886330008506775,-0.015689194202423096,0.0005974115338176489,0.031378358602523804,0.6043221950531006,0.5886330008506775,0.21690568327903748,0.2297951728105545,0.17877215147018433,0.181571826338768
48,S4,LatCrit,local,local,0,local,local,0,0.5806314945220947,0.5416784286499023,-0.03895306587219238,0.005833715200424194,0.09210631251335144,0.5806314945220947,0.5416784286499023,0.2052202671766281,0.1981201469898224,0.21414823830127716,0.2602013647556305
48,S4,ComHvy,local,local,0,BS2,BS2,0,0.4162309169769287,0.41891545057296753,0.0026845335960388184,1.7442216631025076e-05,0.005369037389755249,0.4162309169769287,0.41891545057296753,0.28666847944259644,0.2844719886779785,0.29710057377815247,0.29661256074905396
48,S4,BWHvy,local,local,0,local,local,0,0.5304604768753052,0.4725806713104248,-0.05787980556488037,0.007633082568645477,0.11575958132743835,0.5304604768753052,0.4725806713104248,0.22551777958869934,0.23681049048900604,0.24402175843715668,0.29060882329940796
48,S5,LatCrit,local,local,0,local,local,0,0.6268482208251953,0.5963857173919678,-0.03046250343322754,0.005887246690690517,0.08492481708526611,0.6268482208251953,0.5963857173919678,0.16128037869930267,0.20374277234077454,0.21187140047550201,0.1998714804649353
48,S5,ComHvy,local,local,0,local,local,0,0.5150922536849976,0.4951334595680237,-0.019958794116973877,0.0008876267820596695,0.03991760313510895,0.5150922536849976,0.4951334595680237,0.17237535119056702,0.17481260001659393,0.3125323951244354,0.3300539553165436
48,S5,BWHvy,local,local,0,local,BS1,1,0.5056857466697693,0.4652073383331299,-0.040478408336639404,0.0032870089635252953,0.08095678687095642,0.5056857466697693,0.4652073383331299,0.32109132409095764,0.3482494354248047,0.17322295904159546,0.18654322624206543
48,S6,LatCrit,local,local,0,BS2,BS2,0,0.4019414186477661,0.37892335653305054,-0.023018062114715576,0.0011204220354557037,0.04603618383407593,0.4019414186477661,0.37892335653305054,0.29696378111839294,0.3094070553779602,0.30109474062919617,0.31166958808898926
48,S6,ComHvy,local,local,0,local,local,0,0.5719932913780212,0.5835753083229065,0.011582016944885254,0.0008598687127232552,0.031294167041778564,0.5719932913780212,0.5835753083229065,0.18272215127944946,0.167075052857399,0.24528458714485168,0.24934963881969452
48,S6,BWHvy,local,local,0,local,local,0,0.5070664882659912,0.5182110071182251,0.011144518852233887,0.00037044286727905273,0.02228906750679016,0.5070664882659912,0.5182110071182251,0.27484941482543945,0.2739446759223938,0.21808406710624695,0.20784425735473633
48,S7,LatCrit,local,local,0,local,local,0,0.5206079483032227,0.5090892314910889,-0.011518716812133789,0.0008633444085717201,0.036906495690345764,0.5206079483032227,0.5090892314910889,0.2619738280773163,0.2804270386695862,0.21741823852062225,0.21048367023468018
48,S7,ComHvy,local,local,0,local,local,0,0.5475406050682068,0.5635055303573608,0.015964925289154053,0.0009557511657476425,0.03696461021900177,0.5475406050682068,0.5635055303573608,0.2000707983970642,0.20258817076683044,0.252388596534729,0.23390628397464752
48,S7,BWHvy,local,local,0,local,local,0,0.43386560678482056,0.4220960736274719,-0.011769533157348633,0.0011390428990125656,0.0451580286026001,0.43386560678482056,0.4220960736274719,0.3530562222003937,0.3756352365016937,0.21307814121246338,0.20226866006851196
48,S8,LatCrit,local,local,0,BS1,BS1,0,0.5027962923049927,0.5097953081130981,0.006999015808105469,0.0005134856328368187,0.027117133140563965,0.5027962923049927,0.5097953081130981,0.24568027257919312,0.25223982334136963,0.2515234351158142,0.23796486854553223
48,S8,ComHvy,local,local,0,BS1,local,1,0.453968346118927,0.4773702621459961,0.023401916027069092,0.0016742469742894173,0.04786115884780884,0.453968346118927,0.4773702621459961,0.27863040566444397,0.25469985604286194,0.26740121841430664,0.26792991161346436
48,S8,BWHvy,local,local,0,local,local,0,0.526499330997467,0.5001178979873657,-0.02638143301010132,0.00308267492800951,0.06995774805545807,0.526499330997467,0.5001178979873657,0.25152289867401123,0.28650179505348206,0.22197778522968292,0.213380366563797
49,S1,LatCrit,local,local,0,local,local,0,0.5648618936538696,0.5444812178611755,-0.020380675792694092,0.00148739293217659,0.043491557240486145,0.5648618936538696,0.5444812178611755,0.23586075007915497,0.2344956398010254,0.1992773860692978,0.22102315723896027
49,S1,ComHvy,local,local,0,local,local,0,0.568423867225647,0.5578349232673645,-0.01058894395828247,0.0005029768217355013,0.02642287313938141,0.568423867225647,0.5578349232673645,0.21673685312271118,0.22994831204414368,0.21483924984931946,0.21221677958965302
49,S1,BWHvy,local,local,0,BS1,BS1,0,0.5193905830383301,0.49308842420578003,-0.02630215883255005,0.0013979459181427956,0.05260440707206726,0.5193905830383301,0.49308842420578003,0.23580409586429596,0.24676576256752014,0.2448052614927292,0.2601458430290222
49,S2,LatCrit,local,local,0,BS1,local,1,0.4300149083137512,0.4674670696258545,0.03745216131210327,0.0051967548206448555,0.08298814296722412,0.4300149083137512,0.4674670696258545,0.26533618569374084,0.2238420844078064,0.3046489357948303,0.3086908161640167
49,S2,ComHvy,local,local,0,local,local,0,0.42197489738464355,0.44199901819229126,0.020024120807647705,0.0010056085884571075,0.04004824161529541,0.42197489738464355,0.44199901819229126,0.28091955184936523,0.2640421986579895,0.2971055507659912,0.29395878314971924
49,S2,BWHvy,local,local,0,BS2,BS2,0,0.43730372190475464,0.39961403608322144,-0.0376896858215332,0.0033661220222711563,0.0753793716430664,0.43730372190475464,0.39961403608322144,0.25921979546546936,0.26486316323280334,0.303476482629776,0.3355228006839752
49,S3,LatCrit,local,local,0,local,local,0,0.560945451259613,0.544785737991333,-0.01615971326828003,0.0018572695553302765,0.05099213123321533,0.560945451259613,0.544785737991333,0.22746723890304565,0.21813087165355682,0.2115873098373413,0.23708336055278778
49,S3,ComHvy,local,local,0,local,local,0,0.554308295249939,0.47256290912628174,-0.08174538612365723,0.01354917511343956,0.16349077224731445,0.554308295249939,0.47256290912628174,0.24965058267116547,0.28830933570861816,0.19604112207889557,0.2391277551651001
49,S3,BWHvy,local,local,0,local,local,0,0.5360119938850403,0.5217586755752563,-0.014253318309783936,0.0009064413607120514,0.036956071853637695,0.5360119938850403,0.5217586755752563,0.24148206412792206,0.2599600851535797,0.22250597178936005,0.21828123927116394
49,S4,LatCrit,local,local,0,local,local,0,0.46987199783325195,0.4664565324783325,-0.0034154653549194336,0.00023421738296747208,0.018445760011672974,0.46987199783325195,0.4664565324783325,0.266107976436615,0.26030054688453674,0.26402005553245544,0.27324292063713074
49,S4,ComHvy,local,local,0,local,local,0,0.45524340867996216,0.4750669002532959,0.01982349157333374,0.001854275818914175,0.04996928572654724,0.45524340867996216,0.4750669002532959,0.24112114310264587,0.21613648533821106,0.30363547801971436,0.30879661440849304
49,S4,BWHvy,local,local,0,local,local,0,0.5183349847793579,0.5087783336639404,-0.00955665111541748,0.0013880152255296707,0.04363428056240082,0.5183349847793579,0.5087783336639404,0.2574442923069,0.2451837658882141,0.22422076761722565,0.24603787064552307
49,S5,LatCrit,local,local,0,BS1,BS1,0,0.44535523653030396,0.4376524090766907,-0.007702827453613281,0.0012783622369170189,0.04405149817466736,0.44535523653030396,0.4376524090766907,0.2795712351799011,0.301596999168396,0.2750735282897949,0.2607506215572357
49,S5,ComHvy,local,local,0,local,local,0,0.5501512289047241,0.5435635447502136,-0.006587684154510498,0.00141947902739048,0.041940316557884216,0.5501512289047241,0.5435635447502136,0.20582953095436096,0.19144706428050995,0.24401921033859253,0.26498937606811523
49,S5,BWHvy,local,local,0,local,local,0,0.5223186016082764,0.5428434014320374,0.020524799823760986,0.005681600421667099,0.08499814569950104,0.5223186016082764,0.5428434014320374,0.2367081642150879,0.19420909881591797,0.24097324907779694,0.26294752955436707
49,S6,LatCrit,local,local,0,local,local,0,0.5504641532897949,0.6197173595428467,0.06925320625305176,0.010292649269104004,0.13850635290145874,0.5504641532897949,0.6197173595428467,0.21307581663131714,0.17314329743385315,0.23646000027656555,0.20713937282562256
49,S6,ComHvy,local,local,0,local,local,0,0.5796968936920166,0.5723345279693604,-0.00736236572265625,0.0008156877011060715,0.03249044716358185,0.5796968936920166,0.5723345279693604,0.19571900367736816,0.1868361383676529,0.22458407282829285,0.24082928895950317
49,S6,BWHvy,local,local,0,local,local,0,0.533972978591919,0.5337697267532349,-0.00020325183868408203,0.00029549654573202133,0.016795828938484192,0.533972978591919,0.5337697267532349,0.24072769284248352,0.2325330376625061,0.22529932856559753,0.23369725048542023
49,S7,LatCrit,local,local,0,local,local,0,0.4426589012145996,0.4546482563018799,0.011989355087280273,0.00046855409163981676,0.026503324508666992,0.4426589012145996,0.4546482563018799,0.29576775431632996,0.28251609206199646,0.26157334446907043,0.26283565163612366
49,S7,ComHvy,local,local,0,local,local,0,0.5494070053100586,0.5885804891586304,0.03917348384857178,0.0035592466592788696,0.07834696769714355,0.5494070053100586,0.5885804891586304,0.19382016360759735,0.18576782941818237,0.25677281618118286,0.22565166652202606
49,S7,BWHvy,local,local,0,local,local,0,0.4540398120880127,0.5066744685173035,0.05263465642929077,0.00582699291408062,0.10526929795742035,0.4540398120880127,0.5066744685173035,0.30420905351638794,0.2827097773551941,0.24175113439559937,0.21061576902866364
49,S8,LatCrit,local,local,0,local,local,0,0.4196455478668213,0.432797372341156,0.013151824474334717,0.0005860644159838557,0.028447449207305908,0.4196455478668213,0.432797372341156,0.27406901121139526,0.2598453164100647,0.30628538131713867,0.3073573112487793
49,S8,ComHvy,local,local,0,BS2,local,1,0.44202178716659546,0.5020036697387695,0.05998188257217407,0.007853247225284576,0.11996372044086456,0.44202178716659546,0.5020036697387695,0.25447940826416016,0.239053413271904,0.3034988045692444,0.25894296169281006
49,S8,BWHvy,local,local,0,BS2,BS2,0,0.4978433847427368,0.4810684323310852,-0.01677495241165161,0.0006695780903100967,0.03354988992214203,0.4978433847427368,0.4810684323310852,0.2242971807718277,0.22648784518241882,0.2778594195842743,0.2924436926841736
50,S1,LatCrit,local,local,0,local,local,0,0.5942505598068237,0.6020208597183228,0.0077702999114990234,0.00038715917617082596,0.02074652910232544,0.5942505598068237,0.6020208597183228,0.23190148174762726,0.23450449109077454,0.17384791374206543,0.1634746938943863
50,S1,ComHvy,local,local,0,BS2,BS2,0,0.43508613109588623,0.40299004316329956,-0.03209608793258667,0.0021241921931505203,0.06419214606285095,0.43508613109588623,0.40299004316329956,0.28807705640792847,0.30454036593437195,0.2768368124961853,0.2924695611000061
50,S1,BWHvy,local,local,0,local,local,0,0.5998574495315552,0.588970422744751,-0.0108870267868042,0.0006603328511118889,0.02888396382331848,0.5998574495315552,0.588970422744751,0.21305997669696808,0.20950502157211304,0.18708260357379913,0.20152458548545837
50,S2,LatCrit,local,local,0,local,local,0,0.44125527143478394,0.43902814388275146,-0.0022271275520324707,3.3649615943431854e-05,0.00689128041267395,0.44125527143478394,0.43902814388275146,0.33004137873649597,0.3288228511810303,0.2287033647298813,0.23214899003505707
50,S2,ComHvy,local,local,0,local,local,0,0.4594097137451172,0.48422491550445557,0.02481520175933838,0.001307956874370575,0.04963040351867676,0.4594097137451172,0.48422491550445557,0.2932271957397461,0.2839953601360321,0.2473631203174591,0.23177975416183472
50,S2,BWHvy,local,local,0,local,local,0,0.3595921993255615,0.35973888635635376,0.00014668703079223633,2.6642344892024994e-05,0.005955815315246582,0.3595921993255615,0.35973888635635376,0.34255239367485046,0.3453836143016815,0.297855406999588,0.2948774993419647
50,S3,LatCrit,local,local,0,local,local,0,0.5726998448371887,0.5795401334762573,0.0068402886390686035,0.003387175500392914,0.05846589803695679,0.5726998448371887,0.5795401334762573,0.2201102077960968,0.24250288307666779,0.2071899175643921,0.1779569834470749
50,S3,ComHvy,local,local,0,local,local,0,0.4096270799636841,0.3741840720176697,-0.035443007946014404,0.003037545830011368,0.0708860456943512,0.4096270799636841,0.3741840720176697,0.3422434628009796,0.3515739440917969,0.24812942743301392,0.27424198389053345
50,S3,BWHvy,local,local,0,local,local,0,0.4804965853691101,0.45722872018814087,-0.02326786518096924,0.0013205516152083874,0.04653570055961609,0.4804965853691101,0.45722872018814087,0.2529873251914978,0.2724323570728302,0.2665160894393921,0.27033889293670654
50,S4,LatCrit,local,local,0,local,local,0,0.48261964321136475,0.4635019898414612,-0.019117653369903564,0.001268737018108368,0.04399454593658447,0.48261964321136475,0.4635019898414612,0.25167685747146606,0.24879726767539978,0.2657034695148468,0.2877007722854614
50,S4,ComHvy,local,local,0,BS2,BS2,0,0.39748358726501465,0.3980119228363037,0.0005283355712890625,3.211316652595997e-06,0.0022098422050476074,0.39748358726501465,0.3980119228363037,0.3421529233455658,0.34272950887680054,0.26036348938941956,0.25925856828689575
50,S4,BWHvy,local,local,0,BS1,BS1,0,0.4158223867416382,0.3745417594909668,-0.04128062725067139,0.0040664225816726685,0.08256125450134277,0.4158223867416382,0.3745417594909668,0.29439401626586914,0.3025556802749634,0.2897835969924927,0.3229025602340698
50,S5,LatCrit,local,local,0,local,local,0,0.5430848598480225,0.5041661262512207,-0.03891873359680176,0.0030424166470766068,0.07783742249011993,0.5430848598480225,0.5041661262512207,0.21762807667255402,0.2346585988998413,0.23928707838058472,0.2611752450466156
50,S5,ComHvy,local,local,0,local,local,0,0.4857149124145508,0.5142556428909302,0.028540730476379395,0.007075849920511246,0.09835945069789886,0.4857149124145508,0.5142556428909302,0.25354987382888794,0.2043701559305191,0.2607352137565613,0.2813742160797119
50,S5,BWHvy,local,local,0,local,BS2,1,0.45199769735336304,0.39969849586486816,-0.05229920148849487,0.005644297227263451,0.10459840297698975,0.45199769735336304,0.39969849586486816,0.3163944184780121,0.3488181531429291,0.23160788416862488,0.25148335099220276
50,S6,LatCrit,local,local,0,local,local,0,0.5499300956726074,0.5498939752578735,-3.612041473388672e-05,0.00016488274559378624,0.01219920814037323,0.5499300956726074,0.5498939752578735,0.23417411744594574,0.24027371406555176,0.21589578688144684,0.2098322957754135
50,S6,ComHvy,local,local,0,local,local,0,0.49355536699295044,0.5167784690856934,0.02322310209274292,0.0011047814041376114,0.04644620418548584,0.49355536699295044,0.5167784690856934,0.2540282607078552,0.23994547128677368,0.25241637229919434,0.24327605962753296
50,S6,BWHvy,local,local,0,local,local,0,0.5671230554580688,0.5349410772323608,-0.03218197822570801,0.002804418560117483,0.06436395645141602,0.5671230554580688,0.5349410772323608,0.2310858964920044,0.26155543327331543,0.20179107785224915,0.20350351929664612
50,S7,LatCrit,local,local,0,local,local,0,0.48926788568496704,0.47265833616256714,-0.016609549522399902,0.0010571531020104885,0.041559845209121704,0.48926788568496704,0.47265833616256714,0.2818906903266907,0.3026706278324127,0.2288414090871811,0.22467105090618134
50,S7,ComHvy,local,local,0,local,local,0,0.5297220945358276,0.5525317192077637,0.022809624671936035,0.0012133391574025154,0.045619264245033264,0.5297220945358276,0.5525317192077637,0.22485856711864471,0.2080521285533905,0.24541938304901123,0.2394161820411682
50,S7,BWHvy,local,local,0,local,local,0,0.4229118824005127,0.46150505542755127,0.038593173027038574,0.003168763592839241,0.07718637585639954,0.4229118824005127,0.46150505542755127,0.261846661567688,0.2505984306335449,0.3152414560317993,0.2878964841365814
50,S8,LatCrit,local,local,0,local,local,0,0.5265795588493347,0.5204066038131714,-0.00617295503616333,0.0003456096164882183,0.021430283784866333,0.5265795588493347,0.5204066038131714,0.20542868971824646,0.21614378690719604,0.2679917812347412,0.2634495496749878
50,S8,ComHvy,local,local,0,local,local,0,0.37847787141799927,0.4273543953895569,0.04887652397155762,0.004951538518071175,0.09775300323963165,0.37847787141799927,0.4273543953895569,0.36667096614837646,0.33590662479400635,0.25485116243362427,0.23673902451992035
50,S8,BWHvy,local,local,0,local,local,0,0.5621238946914673,0.5586667656898499,-0.0034571290016174316,0.000891413539648056,0.030341237783432007,0.5621238946914673,0.5586667656898499,0.17959141731262207,0.19476203620433807,0.25828468799591064,0.24657119810581207
51,S1,LatCrit,local,local,0,local,local,0,0.4931665062904358,0.4924659729003906,-0.000700533390045166,0.0009630322456359863,0.031944647431373596,0.4931665062904358,0.4924659729003906,0.2617124617099762,0.24644067883491516,0.24512101709842682,0.2610933482646942
51,S1,ComHvy,local,local,0,local,local,0,0.5814668536186218,0.5599750280380249,-0.021491825580596924,0.0009843511506915092,0.04298365116119385,0.5814668536186218,0.5599750280380249,0.25165343284606934,0.261462926864624,0.16687974333763123,0.17856207489967346
51,S1,BWHvy,local,local,0,local,local,0,0.47914403676986694,0.541935920715332,0.06279188394546509,0.007988501340150833,0.12558375298976898,0.47914403676986694,0.541935920715332,0.24163435399532318,0.2084553986787796,0.27922162413597107,0.24960871040821075
51,S2,LatCrit,local,local,0,BS1,local,1,0.3975587487220764,0.4139178991317749,0.016359150409698486,0.0010650609619915485,0.03855365514755249,0.3975587487220764,0.4139178991317749,0.2692984342575073,0.2500216066837311,0.33314281702041626,0.336060494184494
51,S2,ComHvy,local,local,0,local,local,0,0.51268070936203,0.4732651710510254,-0.03941553831100464,0.0033257529139518738,0.0788310170173645,0.51268070936203,0.4732651710510254,0.20920181274414062,0.23388975858688354,0.27811750769615173,0.2928450405597687
51,S2,BWHvy,local,local,0,BS2,BS2,0,0.473821759223938,0.4823470711708069,0.008525311946868896,0.000563077162951231,0.027357950806617737,0.473821759223938,0.4823470711708069,0.2196662575006485,0.20598727464675903,0.3065119981765747,0.3116656541824341
51,S3,LatCrit,local,local,0,local,local,0,0.48412925004959106,0.5151938796043396,0.031064629554748535,0.003964047878980637,0.08205680549144745,0.48412925004959106,0.5151938796043396,0.33434951305389404,0.2933211326599121,0.1815212219953537,0.19148501753807068
51,S3,ComHvy,local,local,0,BS2,BS2,0,0.4428824186325073,0.503806471824646,0.06092405319213867,0.00840778648853302,0.12184809148311615,0.4428824186325073,0.503806471824646,0.2768617272377014,0.261216402053833,0.28025582432746887,0.2349771112203598
51,S3,BWHvy,local,local,0,BS1,BS1,0,0.40703344345092773,0.40828263759613037,0.0012491941452026367,0.0007280381396412849,0.030563771724700928,0.40703344345092773,0.40828263759613037,0.3119358420372009,0.29665395617485046,0.28103071451187134,0.29506340622901917
51,S4,LatCrit,local,local,0,local,local,0,0.4144822359085083,0.41328108310699463,-0.0012011528015136719,0.0022660382091999054,0.052675604820251465,0.4144822359085083,0.41328108310699463,0.3150210380554199,0.28988438844680786,0.2704966962337494,0.2968344986438751
51,S4,ComHvy,local,local,0,local,local,0,0.5913949012756348,0.5588451027870178,-0.03254979848861694,0.002162991091609001,0.06509961187839508,0.5913949012756348,0.5588451027870178,0.20061421394348145,0.21718809008598328,0.2079908698797226,0.2239668071269989
51,S4,BWHvy,local,local,0,local,local,0,0.5268795490264893,0.46817147731781006,-0.0587080717086792,0.007182186469435692,0.1174161434173584,0.5268795490264893,0.46817147731781006,0.24421903491020203,0.28364837169647217,0.2289014309644699,0.24818016588687897
51,S5,LatCrit,local,local,0,local,local,0,0.5043233633041382,0.505839467048645,0.001516103744506836,0.00083167664706707,0.03014424443244934,0.5043233633041382,0.505839467048645,0.21744713187217712,0.23100310564041138,0.27822956442832947,0.2631573975086212
51,S5,ComHvy,local,local,0,local,local,0,0.46170854568481445,0.46071958541870117,-0.0009889602661132812,0.0011731907725334167,0.03467828035354614,0.46170854568481445,0.46071958541870117,0.17926253378391266,0.19660167396068573,0.3590289354324341,0.3426787555217743
51,S5,BWHvy,local,local,0,local,local,0,0.5343806147575378,0.5012706518173218,-0.033109962940216064,0.004504997283220291,0.08242574334144592,0.5343806147575378,0.5012706518173218,0.23472130298614502,0.2266184240579605,0.23089806735515594,0.2721109688282013
51,S6,LatCrit,local,local,0,local,local,0,0.5740045309066772,0.5282440185546875,-0.045760512351989746,0.004776433110237122,0.0915209949016571,0.5740045309066772,0.5282440185546875,0.1802109032869339,0.2115146666765213,0.24578461050987244,0.2602413296699524
51,S6,ComHvy,local,local,0,local,local,0,0.5168378353118896,0.5388582944869995,0.022020459175109863,0.0009998390451073647,0.0440409779548645,0.5168378353118896,0.5388582944869995,0.21098831295967102,0.19900190830230713,0.2721738815307617,0.26213976740837097
51,S6,BWHvy,local,local,0,local,local,0,0.6069928407669067,0.5775644779205322,-0.02942836284637451,0.004111703485250473,0.0707949846982956,0.6069928407669067,0.5775644779205322,0.2260456532239914,0.22007650136947632,0.16696155071258545,0.20235902070999146
51,S7,LatCrit,local,local,0,local,local,0,0.5132179260253906,0.47867435216903687,-0.03454357385635376,0.0050089661963284016,0.08380952477455139,0.5132179260253906,0.47867435216903687,0.21031245589256287,0.25221723318099976,0.2764695882797241,0.2691084146499634
51,S7,ComHvy,local,local,0,local,local,0,0.5880581140518188,0.5677726864814758,-0.020285427570343018,0.0009346683509647846,0.040570855140686035,0.5880581140518188,0.5677726864814758,0.2031428962945938,0.2177356779575348,0.20879900455474854,0.21449165046215057
51,S7,BWHvy,local,local,0,BS1,BS1,0,0.5046623349189758,0.47776973247528076,-0.02689260244369507,0.001471162773668766,0.05378521978855133,0.5046623349189758,0.47776973247528076,0.29015281796455383,0.30339792370796204,0.20518481731414795,0.218832328915596
51,S8,LatCrit,local,local,0,local,local,0,0.4814727306365967,0.4728356599807739,-0.008637070655822754,0.00018303480464965105,0.017274141311645508,0.4814727306365967,0.4728356599807739,0.248693585395813,0.25582796335220337,0.26983368396759033,0.2713363766670227
51,S8,ComHvy,local,local,0,local,local,0,0.539211630821228,0.5357455611228943,-0.0034660696983337402,0.003567468374967575,0.060681864619255066,0.539211630821228,0.5357455611228943,0.2522639334201813,0.22538906335830688,0.2085244357585907,0.23886536061763763
51,S8,BWHvy,local,local,0,local,local,0,0.46701371669769287,0.5052750110626221,0.0382612943649292,0.002966729924082756,0.07652252912521362,0.46701371669769287,0.5052750110626221,0.22402448952198029,0.20505677163600922,0.30896177887916565,0.2896682620048523
52,S1,LatCrit,local,local,0,BS1,BS1,0,0.4335753321647644,0.4794866442680359,0.045911312103271484,0.005058561451733112,0.09182260930538177,0.4335753321647644,0.4794866442680359,0.3096057176589966,0.2705383896827698,0.256818950176239,0.24997498095035553
52,S1,ComHvy,local,local,0,local,local,0,0.498282253742218,0.5246374011039734,0.02635514736175537,0.0014055855572223663,0.052710264921188354,0.498282253742218,0.5246374011039734,0.26611268520355225,0.25030991435050964,0.23560504615306854,0.22505269944667816
52,S1,BWHvy,local,local,0,BS1,BS1,0,0.3986629247665405,0.4040449857711792,0.005382061004638672,0.0007088454440236092,0.033514052629470825,0.3986629247665405,0.4040449857711792,0.3292312026023865,0.31247416138648987,0.2721059024333954,0.28348085284233093
52,S2,LatCrit,local,local,0,local,local,0,0.47703200578689575,0.4454808831214905,-0.03155112266540527,0.0025502946227788925,0.06310221552848816,0.47703200578689575,0.4454808831214905,0.2429129183292389,0.24499601125717163,0.28005510568618774,0.3095231056213379
52,S2,ComHvy,local,local,0,local,local,0,0.5377407073974609,0.5447307825088501,0.00699007511138916,0.0015577729791402817,0.0433078408241272,0.5377407073974609,0.5447307825088501,0.22568237781524658,0.24034617841243744,0.23657695949077606,0.21492299437522888
52,S2,BWHvy,local,local,0,local,local,0,0.5337234735488892,0.5307776927947998,-0.0029457807540893555,0.003595435991883278,0.06075015664100647,0.5337234735488892,0.5307776927947998,0.22481797635555267,0.1973886787891388,0.24145857989788055,0.2718336582183838
52,S3,LatCrit,local,local,0,BS1,BS1,0,0.46563977003097534,0.4744260907173157,0.008786320686340332,0.0003769202157855034,0.022805780172348022,0.46563977003097534,0.4744260907173157,0.2975083887577057,0.30012497305870056,0.23685182631015778,0.22544895112514496
52,S3,ComHvy,local,local,0,BS2,local,1,0.49235856533050537,0.5171471834182739,0.024788618087768555,0.0014766845852136612,0.049577295780181885,0.49235856533050537,0.5171471834182739,0.3048562705516815,0.2973155081272125,0.2027851790189743,0.18553726375102997
52,S3,BWHvy,local,local,0,local,local,0,0.40044617652893066,0.49098074436187744,0.09053456783294678,0.017313560470938683,0.18106913566589355,0.40044617652893066,0.49098074436187744,0.32214871048927307,0.26046741008758545,0.27740511298179626,0.2485518455505371
52,S4,LatCrit,local,local,0,local,local,0,0.49847644567489624,0.49219781160354614,-0.006278634071350098,0.0007437830790877342,0.031897127628326416,0.49847644567489624,0.49219781160354614,0.2707694172859192,0.2610994875431061,0.23075413703918457,0.24670270085334778
52,S4,ComHvy,local,local,0,local,local,0,0.5686969757080078,0.5911405086517334,0.022443532943725586,0.0027088113129138947,0.061353713274002075,0.5686969757080078,0.5911405086517334,0.24466663599014282,0.2139897346496582,0.18663643300533295,0.19486971199512482
52,S4,BWHvy,local,local,0,local,local,0,0.4967919588088989,0.4737018942832947,-0.023090064525604248,0.0012293364852666855,0.04618009924888611,0.4967919588088989,0.4737018942832947,0.24085940420627594,0.24525843560695648,0.26234865188598633,0.28103965520858765
52,S5,LatCrit,local,local,0,local,local,0,0.5598087310791016,0.5712199211120605,0.011411190032958984,0.0002658925950527191,0.022822409868240356,0.5598087310791016,0.5712199211120605,0.1922765076160431,0.18694131076335907,0.24791477620601654,0.2418387532234192
52,S5,ComHvy,local,local,0,local,local,0,0.5860028266906738,0.6248081922531128,0.038805365562438965,0.003770211711525917,0.07761070132255554,0.5860028266906738,0.6248081922531128,0.20025582611560822,0.1915714591741562,0.21374134719371796,0.1836203783750534
52,S5,BWHvy,local,local,0,local,local,0,0.5017237067222595,0.4642118215560913,-0.03751188516616821,0.005713723599910736,0.09499901533126831,0.5017237067222595,0.4642118215560913,0.24970339238643646,0.23971576988697052,0.2485729157924652,0.29607242345809937
52,S6,LatCrit,local,local,0,BS1,BS1,0,0.5069133639335632,0.4586871266365051,-0.048226237297058105,0.004786400124430656,0.0964524894952774,0.5069133639335632,0.4586871266365051,0.2442406415939331,0.2621457576751709,0.24884597957134247,0.279167115688324
52,S6,ComHvy,local,local,0,local,local,0,0.5847689509391785,0.6030848026275635,0.01831585168838501,0.0007838578894734383,0.03663167357444763,0.5847689509391785,0.6030848026275635,0.1670658439397812,0.15573090314865112,0.24816520512104034,0.2411843240261078
52,S6,BWHvy,local,local,0,BS1,BS1,0,0.5358490943908691,0.523338794708252,-0.012510299682617188,0.000314406119287014,0.02502065896987915,0.5358490943908691,0.523338794708252,0.2501637041568756,0.25723761320114136,0.21398717164993286,0.21942362189292908
52,S7,LatCrit,local,local,0,local,local,0,0.5438612699508667,0.5400031805038452,-0.0038580894470214844,3.2963696867227554e-05,0.007716163992881775,0.5438612699508667,0.5400031805038452,0.2114933431148529,0.21410667896270752,0.2446453720331192,0.24589011073112488
52,S7,ComHvy,local,local,0,local,local,0,0.5649286508560181,0.5597416162490845,-0.005187034606933594,5.716201849281788e-05,0.010374069213867188,0.5649286508560181,0.5597416162490845,0.20507663488388062,0.2067757248878479,0.2299947440624237,0.23348268866539001
52,S7,BWHvy,local,BS1,1,local,local,0,0.3595792055130005,0.3559299111366272,-0.003649294376373291,0.0019603706896305084,0.05328574776649475,0.3595792055130005,0.3342742919921875,0.32928702235221863,0.3559299111366272,0.3111337721347809,0.3097958266735077
52,S8,LatCrit,local,local,0,BS1,local,1,0.5175398588180542,0.5336953997612,0.016155540943145752,0.0014825188554823399,0.045664504170417786,0.5175398588180542,0.5336953997612,0.24319060146808624,0.22035834193229675,0.23926955461502075,0.2459462583065033
52,S8,ComHvy,local,local,0,BS1,local,1,0.45747894048690796,0.47983670234680176,0.0223577618598938,0.0018250271677970886,0.05071321129798889,0.45747894048690796,0.47983670234680176,0.2742423415184021,0.27724117040634155,0.26827874779701233,0.2429221272468567
52,S8,BWHvy,local,local,0,BS2,BS2,0,0.4796733856201172,0.46567046642303467,-0.01400291919708252,0.00039579812437295914,0.02800588309764862,0.4796733856201172,0.46567046642303467,0.19673572480678558,0.20279461145401,0.32359087467193604,0.3315349519252777
53,S1,LatCrit,local,local,0,BS1,local,1,0.474151074886322,0.5131340026855469,0.038982927799224854,0.005110073834657669,0.08455625176429749,0.474151074886322,0.5131340026855469,0.2790175676345825,0.23673944175243378,0.24683137238025665,0.25012657046318054
53,S1,ComHvy,local,local,0,local,local,0,0.5210233926773071,0.5187745094299316,-0.0022488832473754883,1.2587988749146461e-05,0.0044977664947509766,0.5210233926773071,0.5187745094299316,0.2770957946777344,0.27763837575912476,0.20188085734844208,0.20358715951442719
53,S1,BWHvy,local,local,0,local,local,0,0.4094730019569397,0.4525443911552429,0.04307138919830322,0.0047563062980771065,0.08614276349544525,0.4094730019569397,0.4525443911552429,0.2864658236503601,0.24978618323802948,0.3040611743927002,0.2976694405078888
53,S2,LatCrit,local,local,0,BS2,BS2,0,0.45001864433288574,0.4341474771499634,-0.015871167182922363,0.0006494801491498947,0.03174230456352234,0.45001864433288574,0.4341474771499634,0.24432577192783356,0.24508599936962128,0.3056556284427643,0.32076653838157654
53,S2,ComHvy,local,local,0,local,local,0,0.5549571514129639,0.5366159677505493,-0.01834118366241455,0.0065502747893333435,0.0935053825378418,0.5549571514129639,0.5366159677505493,0.23237448930740356,0.2791271507740021,0.21266841888427734,0.1842568814754486
53,S2,BWHvy,local,local,0,local,local,0,0.483623743057251,0.5023621320724487,0.018738389015197754,0.004237178713083267,0.07436259090900421,0.483623743057251,0.5023621320724487,0.23426228761672974,0.19708098471164703,0.2821139693260193,0.30055686831474304
53,S3,LatCrit,local,local,0,local,local,0,0.5030971765518188,0.5503271818161011,0.04723000526428223,0.005613114684820175,0.09445998072624207,0.5030971765518188,0.5503271818161011,0.23359963297843933,0.22654296457767487,0.26330316066741943,0.22312985360622406
53,S3,ComHvy,BS1,BS1,0,BS1,BS1,0,0.38992732763290405,0.3982942998409271,0.008366972208023071,0.0015195515006780624,0.04994611442089081,0.3862231969833374,0.3612501621246338,0.38992732763290405,0.3982942998409271,0.22384944558143616,0.24045555293560028
53,S3,BWHvy,local,local,0,BS1,BS1,0,0.43512821197509766,0.45767706632614136,0.0225488543510437,0.003833746537566185,0.07975293695926666,0.43512821197509766,0.45767706632614136,0.32426944375038147,0.28439298272132874,0.24060235917568207,0.2579299807548523
53,S4,LatCrit,local,local,0,local,local,0,0.4575391411781311,0.43458670377731323,-0.02295243740081787,0.0011773314327001572,0.04590487480163574,0.4575391411781311,0.43458670377731323,0.273416668176651,0.27930948138237,0.2690441906452179,0.2861038148403168
53,S4,ComHvy,local,local,0,local,local,0,0.5046219825744629,0.507905125617981,0.0032831430435180664,0.0012505259364843369,0.03743812441825867,0.5046219825744629,0.507905125617981,0.2290947586297989,0.21037574112415314,0.26628321409225464,0.2817191779613495
53,S4,BWHvy,local,local,0,local,local,0,0.48433446884155273,0.4254351258277893,-0.05889934301376343,0.009732414036989212,0.11779867112636566,0.48433446884155273,0.4254351258277893,0.2918107807636261,0.29579174518585205,0.22385476529598236,0.27877312898635864
53,S5,LatCrit,local,local,0,local,local,0,0.5649589896202087,0.5748368501663208,0.00987786054611206,0.0005433578044176102,0.026259973645210266,0.5649589896202087,0.5748368501663208,0.22807469964027405,0.23132681846618652,0.20696629583835602,0.1938363015651703
53,S5,ComHvy,local,local,0,local,local,0,0.5898526310920715,0.5633834600448608,-0.026469171047210693,0.0020145121961832047,0.052938371896743774,0.5898526310920715,0.5633834600448608,0.23227602243423462,0.23568002879619598,0.17787133157253265,0.20093652606010437
53,S5,BWHvy,local,local,0,local,local,0,0.45651668310165405,0.43970608711242676,-0.016810595989227295,0.0008187331259250641,0.03483209013938904,0.45651668310165405,0.43970608711242676,0.2521343529224396,0.25152888894081116,0.29134899377822876,0.3087650239467621
53,S6,LatCrit,local,local,0,local,local,0,0.4854809045791626,0.44182687997817993,-0.043654024600982666,0.0056046657264232635,0.08794659376144409,0.4854809045791626,0.44182687997817993,0.24609383940696716,0.2900671362876892,0.26842525601387024,0.26810598373413086
53,S6,ComHvy,local,local,0,local,BS2,1,0.569459855556488,0.5791366100311279,0.009676754474639893,0.0014114268124103546,0.03932976722717285,0.569459855556488,0.5791366100311279,0.18387071788311005,0.16420581936836243,0.2466694563627243,0.25665757060050964
53,S6,BWHvy,local,local,0,local,local,0,0.5370533466339111,0.5323967337608337,-0.004656612873077393,0.001775665208697319,0.04476359486579895,0.5370533466339111,0.5323967337608337,0.21504126489162445,0.23742306232452393,0.2479054033756256,0.23018021881580353
53,S7,LatCrit,local,local,0,local,local,0,0.5405595302581787,0.5316011905670166,-0.00895833969116211,0.0006224727258086205,0.029520899057388306,0.5405595302581787,0.5316011905670166,0.2405107021331787,0.23470857739448547,0.21892979741096497,0.23369023203849792
53,S7,ComHvy,local,local,0,local,local,0,0.5775821805000305,0.5823569297790527,0.004774749279022217,5.407154094427824e-05,0.009549528360366821,0.5775821805000305,0.5823569297790527,0.20952127873897552,0.20593011379241943,0.21289654076099396,0.21171292662620544
53,S7,BWHvy,local,local,0,local,local,0,0.49758750200271606,0.47263532876968384,-0.024952173233032227,0.0012511657550930977,0.04990434646606445,0.49758750200271606,0.47263532876968384,0.23865938186645508,0.2494679093360901,0.26375314593315125,0.27789679169654846
53,S8,LatCrit,local,local,0,local,local,0,0.4898318648338318,0.5209468603134155,0.03111499547958374,0.001950535923242569,0.06222996115684509,0.4898318648338318,0.5209468603134155,0.25433745980262756,0.24053648114204407,0.25583067536354065,0.2385166883468628
53,S8,ComHvy,local,local,0,BS1,BS1,0,0.4140726327896118,0.39449238777160645,-0.01958024501800537,0.001816118136048317,0.05528643727302551,0.4140726327896118,0.39449238777160645,0.2936689257621765,0.32131215929985046,0.29225844144821167,0.2841954827308655
53,S8,BWHvy,local,local,0,local,local,0,0.4020361304283142,0.41754305362701416,0.015506923198699951,0.0005008550360798836,0.03101383149623871,0.4020361304283142,0.41754305362701416,0.2513800263404846,0.2437232881784439,0.34658384323120117,0.3387336730957031
54,S1,LatCrit,local,local,0,BS1,BS1,0,0.4377514123916626,0.4581434726715088,0.02039206027984619,0.003825835883617401,0.0782599151134491,0.4377514123916626,0.4581434726715088,0.309648334980011,0.27051836252212524,0.2526002824306488,0.27133816480636597
54,S1,ComHvy,local,local,0,local,local,0,0.5330973863601685,0.53017258644104,-0.002924799919128418,0.00013578683137893677,0.013864114880561829,0.5330973863601685,0.53017258644104,0.2937992513179779,0.30073127150535583,0.17310337722301483,0.16909608244895935
54,S1,BWHvy,local,local,0,BS1,BS1,0,0.4464385509490967,0.47701603174209595,0.030577480792999268,0.004022466018795967,0.07584488391876221,0.4464385509490967,0.47701603174209595,0.2712661027908325,0.2333436906337738,0.2822953164577484,0.28964030742645264
54,S2,LatCrit,local,local,0,BS2,local,1,0.48321932554244995,0.49647367000579834,0.013254344463348389,0.0006762854754924774,0.028753727674484253,0.48321932554244995,0.49647367000579834,0.21810580790042877,0.20372895896434784,0.29867488145828247,0.2997974157333374
54,S2,ComHvy,local,local,0,local,local,0,0.5808835029602051,0.5717872381210327,-0.009096264839172363,0.004741758108139038,0.07191832363605499,0.5808835029602051,0.5717872381210327,0.204525426030159,0.2404845952987671,0.21459104120731354,0.187728151679039
54,S2,BWHvy,local,local,0,local,local,0,0.4873751401901245,0.5207173824310303,0.03334224224090576,0.006551593542098999,0.0943288803100586,0.4873751401901245,0.5207173824310303,0.2496730387210846,0.2025085985660553,0.2629518508911133,0.2767740488052368
54,S3,LatCrit,local,local,0,local,local,0,0.5087088346481323,0.5064301490783691,-0.0022786855697631836,0.0015321429818868637,0.04096542298793793,0.5087088346481323,0.5064301490783691,0.22633112967014313,0.20812708139419556,0.26496002078056335,0.2854427099227905
54,S3,ComHvy,local,local,0,local,local,0,0.5528601408004761,0.5839149355888367,0.031054794788360596,0.002042653039097786,0.06210957467556,0.5528601408004761,0.5839149355888367,0.27309587597846985,0.2505107522010803,0.1740439534187317,0.16557429730892181
54,S3,BWHvy,local,local,0,local,local,0,0.4055311679840088,0.48876839876174927,0.08323723077774048,0.015174010768532753,0.16647446155548096,0.4055311679840088,0.48876839876174927,0.34945937991142273,0.28436681628227234,0.24500945210456848,0.2268647849559784
54,S4,LatCrit,local,local,0,local,local,0,0.41996055841445923,0.403255820274353,-0.0167047381401062,0.0010002292692661285,0.037218838930130005,0.41996055841445923,0.403255820274353,0.3273199796676636,0.3254152834415436,0.2527194917201996,0.2713288962841034
54,S4,ComHvy,local,local,0,local,local,0,0.6669390797615051,0.6675946712493896,0.0006555914878845215,0.0005583474412560463,0.019745171070098877,0.6669390797615051,0.6675946712493896,0.15614980459213257,0.14627720415592194,0.1769111007452011,0.18612807989120483
54,S4,BWHvy,local,local,0,local,local,0,0.5638141632080078,0.5670875310897827,0.0032733678817749023,0.00239638052880764,0.0487762987613678,0.5638141632080078,0.5670875310897827,0.24750083684921265,0.22311270236968994,0.18868499994277954,0.20979979634284973
54,S5,LatCrit,local,local,0,BS1,local,1,0.3564859628677368,0.397302508354187,0.040816545486450195,0.004493799060583115,0.08163309097290039,0.3564859628677368,0.397302508354187,0.315383642911911,0.2788654863834381,0.3281303644180298,0.3238319754600525
54,S5,ComHvy,local,local,0,local,local,0,0.5607336759567261,0.5683150887489319,0.0075814127922058105,0.0003306707367300987,0.020906805992126465,0.5607336759567261,0.5683150887489319,0.22333072125911713,0.22620268166065216,0.21593564748764038,0.20548221468925476
54,S5,BWHvy,local,local,0,local,local,0,0.5018070936203003,0.5250797271728516,0.02327263355255127,0.00459215696901083,0.07872438430786133,0.5018070936203003,0.5250797271728516,0.24290767312049866,0.203545480966568,0.25528526306152344,0.27137482166290283
54,S6,LatCrit,local,local,0,local,local,0,0.5171710848808289,0.48430007696151733,-0.03287100791931152,0.009683987125754356,0.12357564270496368,0.5171710848808289,0.48430007696151733,0.24566829204559326,0.3074561059474945,0.23716062307357788,0.20824380218982697
54,S6,ComHvy,local,local,0,local,local,0,0.4613191485404968,0.4797179102897644,0.018398761749267578,0.0008746106177568436,0.03679753839969635,0.4613191485404968,0.4797179102897644,0.26180630922317505,0.24586094915866852,0.2768745720386505,0.27442115545272827
54,S6,BWHvy,local,local,0,local,local,0,0.5468869209289551,0.5364083051681519,-0.010478615760803223,0.00034412520471960306,0.021130338311195374,0.5468869209289551,0.5364083051681519,0.22328168153762817,0.23384681344032288,0.22983144223690033,0.22974485158920288
54,S7,LatCrit,local,local,0,local,local,0,0.5389916896820068,0.5278940200805664,-0.01109766960144043,0.0002474859356880188,0.02219533920288086,0.5389916896820068,0.5278940200805664,0.23037926852703094,0.23613032698631287,0.23062899708747864,0.23597560822963715
54,S7,ComHvy,local,local,0,BS1,BS1,0,0.46780550479888916,0.444663941860199,-0.023141562938690186,0.001320408657193184,0.04628309607505798,0.46780550479888916,0.444663941860199,0.27801793813705444,0.28178173303604126,0.2541765570640564,0.2735542953014374
54,S7,BWHvy,local,local,0,local,local,0,0.5287526845932007,0.4931575655937195,-0.0355951189994812,0.003028392791748047,0.07119017839431763,0.5287526845932007,0.4931575655937195,0.21199801564216614,0.21651503443717957,0.25924935936927795,0.29032739996910095
54,S8,LatCrit,local,local,0,local,local,0,0.47780841588974,0.5335149765014648,0.055706560611724854,0.006477581337094307,0.11141312122344971,0.47780841588974,0.5335149765014648,0.2567703127861023,0.22200486063957214,0.2654212713241577,0.244480162858963
54,S8,ComHvy,local,local,0,local,local,0,0.5540783405303955,0.5318289995193481,-0.022249341011047363,0.0010166801512241364,0.04449872672557831,0.5540783405303955,0.5318289995193481,0.2464819848537445,0.26100659370422363,0.1994396299123764,0.20716440677642822
54,S8,BWHvy,BS2,BS2,0,BS2,BS2,0,0.3997352123260498,0.3975640535354614,-0.002171158790588379,0.00026872591115534306,0.01995629072189331,0.3302459716796875,0.34022414684295654,0.2700188159942627,0.2622118592262268,0.3997352123260498,0.3975640535354614
55,S1,LatCrit,local,local,0,local,local,0,0.4053112864494324,0.4264283776283264,0.021117091178894043,0.001851445995271206,0.05385708808898926,0.4053112864494324,0.4264283776283264,0.3053695857524872,0.27844104170799255,0.28931912779808044,0.29513058066368103
55,S1,ComHvy,local,local,0,local,local,0,0.5097996592521667,0.491349995136261,-0.01844966411590576,0.0007303403690457344,0.03689926862716675,0.5097996592521667,0.491349995136261,0.29951411485671997,0.30725735425949097,0.19068627059459686,0.20139263570308685
55,S1,BWHvy,local,local,0,local,local,0,0.5221140384674072,0.5264371037483215,0.004323065280914307,8.222064934670925e-05,0.011053308844566345,0.5221140384674072,0.5264371037483215,0.2534022033214569,0.24787552654743195,0.22448378801345825,0.22568735480308533
55,S2,LatCrit,local,local,0,local,local,0,0.5379520654678345,0.5023937225341797,-0.035558342933654785,0.0029791370034217834,0.07111673057079315,0.5379520654678345,0.5023937225341797,0.19232767820358276,0.19639118015766144,0.2697202265262604,0.30121511220932007
55,S2,ComHvy,local,local,0,local,local,0,0.5384691953659058,0.5314463376998901,-0.007022857666015625,0.0008747326210141182,0.034023597836494446,0.5384691953659058,0.5314463376998901,0.22553643584251404,0.24254825711250305,0.2359943389892578,0.226005420088768
55,S2,BWHvy,local,local,0,local,local,0,0.5904567837715149,0.6000018119812012,0.00954502820968628,0.0006045657210052013,0.027998268604278564,0.5904567837715149,0.6000018119812012,0.21431754529476166,0.20031839609146118,0.19522565603256226,0.19967974722385406
55,S3,LatCrit,local,local,0,local,local,0,0.5407875776290894,0.5423128008842468,0.0015252232551574707,0.0014217700809240341,0.0375862717628479,0.5407875776290894,0.5423128008842468,0.24959522485733032,0.23080207407474518,0.20961721241474152,0.2268851101398468
55,S3,ComHvy,local,local,0,local,local,0,0.6109222173690796,0.690157413482666,0.07923519611358643,0.0144406259059906,0.15847042202949524,0.6109222173690796,0.690157413482666,0.22632478177547455,0.18662671744823456,0.16275303065776825,0.12321587651968002
55,S3,BWHvy,local,local,0,local,local,0,0.492088258266449,0.567572832107544,0.07548457384109497,0.011496245861053467,0.15096914768218994,0.492088258266449,0.567572832107544,0.2655508518218994,0.22680388391017914,0.24236086010932922,0.20562325417995453
55,S4,LatCrit,local,local,0,local,local,0,0.5097010135650635,0.5465019941329956,0.03680098056793213,0.0027808602899312973,0.07360194623470306,0.5097010135650635,0.5465019941329956,0.25397756695747375,0.2384195476770401,0.23632138967514038,0.2150784432888031
55,S4,ComHvy,local,local,0,local,local,0,0.5478523969650269,0.516535222530365,-0.031317174434661865,0.0019975993782281876,0.06263430416584015,0.5478523969650269,0.516535222530365,0.2305831015110016,0.2493305802345276,0.22156453132629395,0.23413418233394623
55,S4,BWHvy,local,local,0,local,local,0,0.5435131788253784,0.5510276556015015,0.007514476776123047,0.0002681443002074957,0.019062355160713196,0.5435131788253784,0.5510276556015015,0.2247912585735321,0.2152600735425949,0.23169559240341187,0.23371228575706482
55,S5,LatCrit,local,local,0,BS2,BS2,0,0.4006204605102539,0.3832974433898926,-0.017323017120361328,0.0007190965116024017,0.034646034240722656,0.4006204605102539,0.3832974433898926,0.2899661362171173,0.29307323694229126,0.3094134032726288,0.32362931966781616
55,S5,ComHvy,local,local,0,local,local,0,0.5715530514717102,0.619942843914032,0.04838979244232178,0.005326900631189346,0.09677959978580475,0.5715530514717102,0.619942843914032,0.21390655636787415,0.1982535570859909,0.21454039216041565,0.18180358409881592
55,S5,BWHvy,local,local,0,local,local,0,0.5528466701507568,0.5485014915466309,-0.0043451786041259766,0.0004757344722747803,0.02453245222568512,0.5528466701507568,0.5485014915466309,0.20711611211299896,0.19919505715370178,0.24003726243972778,0.25230348110198975
55,S6,LatCrit,local,local,0,local,BS1,1,0.49744540452957153,0.4936189651489258,-0.003826439380645752,0.004047077149152756,0.06757554411888123,0.49744540452957153,0.4936189651489258,0.25472861528396606,0.2885163724422455,0.2478260099887848,0.21786466240882874
55,S6,ComHvy,local,local,0,BS2,BS2,0,0.4741172790527344,0.4813089966773987,0.007191717624664307,0.00057606166228652,0.028498739004135132,0.4741172790527344,0.4813089966773987,0.24259868264198303,0.22834932804107666,0.2832840085029602,0.29034167528152466
55,S6,BWHvy,local,local,0,local,local,0,0.5218191146850586,0.5354409217834473,0.013621807098388672,0.0007493291050195694,0.03188487887382507,0.5218191146850586,0.5354409217834473,0.236215740442276,0.22027330100536346,0.2419651448726654,0.24428577721118927
55,S7,LatCrit,local,local,0,local,local,0,0.4874797463417053,0.4531401991844177,-0.0343395471572876,0.0031370087526738644,0.06867913901805878,0.4874797463417053,0.4531401991844177,0.21718187630176544,0.24658077955245972,0.29533836245536804,0.30027905106544495
55,S7,ComHvy,local,local,0,local,BS2,1,0.4167221188545227,0.4139578938484192,-0.0027642250061035156,0.0012399032711982727,0.04069700837135315,0.4167221188545227,0.4139578938484192,0.2904863655567169,0.27290207147598267,0.29279154539108276,0.31314003467559814
55,S7,BWHvy,local,local,0,local,local,0,0.48035985231399536,0.46218353509902954,-0.01817631721496582,0.0006732260808348656,0.03635263442993164,0.48035985231399536,0.46218353509902954,0.266065388917923,0.27372753620147705,0.25357475876808167,0.2640889286994934
55,S8,LatCrit,local,local,0,local,local,0,0.5055817365646362,0.48992496728897095,-0.015656769275665283,0.0016243066638708115,0.05040141940116882,0.5055817365646362,0.48992496728897095,0.2429446578025818,0.23340070247650146,0.25147363543510437,0.2766743302345276
55,S8,ComHvy,local,local,0,local,BS2,1,0.43696385622024536,0.38221609592437744,-0.05474776029586792,0.00741211324930191,0.10949552059173584,0.43696385622024536,0.38221609592437744,0.30133411288261414,0.3107722997665405,0.2617020308971405,0.30701160430908203
55,S8,BWHvy,local,local,0,local,local,0,0.527311384677887,0.5530073046684265,0.02569591999053955,0.0013526538386940956,0.051391810178756714,0.527311384677887,0.5530073046684265,0.19520819187164307,0.18250462412834167,0.27748042345046997,0.2644881010055542
56,S1,LatCrit,local,local,0,local,local,0,0.5937919020652771,0.6065109968185425,0.01271909475326538,0.0003611152060329914,0.02543821930885315,0.5937919020652771,0.6065109968185425,0.22256019711494446,0.21348844468593597,0.18364790081977844,0.18000052869319916
56,S1,ComHvy,local,local,0,local,local,0,0.4858168363571167,0.5122050046920776,0.026388168334960938,0.001782439649105072,0.05277635157108307,0.4858168363571167,0.5122050046920776,0.2707093358039856,0.2662792503833771,0.2434738278388977,0.2215157300233841
56,S1,BWHvy,local,local,0,local,local,0,0.5173709392547607,0.5043330192565918,-0.013037919998168945,0.00045272125862538815,0.02607583999633789,0.5173709392547607,0.5043330192565918,0.2574395537376404,0.26973041892051697,0.22518949210643768,0.22593654692173004
56,S2,LatCrit,local,local,0,BS2,BS2,0,0.41145217418670654,0.415737509727478,0.004285335540771484,4.1817896999418736e-05,0.008570671081542969,0.41145217418670654,0.415737509727478,0.26644980907440186,0.26343974471092224,0.322098046541214,0.3208227753639221
56,S2,ComHvy,local,local,0,local,local,0,0.4963148832321167,0.5122660398483276,0.015951156616210938,0.0007903017103672028,0.03190235793590546,0.4963148832321167,0.5122660398483276,0.2661587595939636,0.26585349440574646,0.23752637207508087,0.22188043594360352
56,S2,BWHvy,local,local,0,local,local,0,0.4356881380081177,0.4295121431350708,-0.006175994873046875,0.0007937140762805939,0.034572452306747437,0.4356881380081177,0.4295121431350708,0.2973760962486267,0.28626587986946106,0.2669357359409332,0.28422197699546814
56,S3,LatCrit,local,local,0,BS2,BS2,0,0.5159865617752075,0.5071913003921509,-0.00879526138305664,0.008507922291755676,0.09959161281585693,0.5159865617752075,0.5071913003921509,0.23226548731327057,0.28206124901771545,0.2517479956150055,0.21074740588665009
56,S3,ComHvy,local,local,0,local,local,0,0.4387679100036621,0.38415998220443726,-0.054607927799224854,0.011445466428995132,0.12851737439632416,0.4387679100036621,0.38415998220443726,0.33128130435943604,0.3216305375099182,0.22995080053806305,0.29420948028564453
56,S3,BWHvy,local,local,0,local,local,0,0.5692924857139587,0.5099288821220398,-0.059363603591918945,0.0070797149091959,0.1187271773815155,0.5692924857139587,0.5099288821220398,0.21898983418941498,0.24865984916687012,0.21171769499778748,0.2414112538099289
56,S4,LatCrit,local,local,0,BS1,BS1,0,0.5496830344200134,0.5384969711303711,-0.011186063289642334,0.00025256630033254623,0.022372126579284668,0.5496830344200134,0.5384969711303711,0.21441537141799927,0.22009365260601044,0.2359016090631485,0.24140939116477966
56,S4,ComHvy,local,local,0,BS1,local,1,0.4269622564315796,0.4387396574020386,0.011777400970458984,0.0002944045700132847,0.02355480194091797,0.4269622564315796,0.4387396574020386,0.2632597088813782,0.25602346658706665,0.30977803468704224,0.3052368760108948
56,S4,BWHvy,local,local,0,local,local,0,0.4963303208351135,0.4684789776802063,-0.027851343154907227,0.005378175526857376,0.09462422132492065,0.4963303208351135,0.4684789776802063,0.23259535431861877,0.21313458681106567,0.2710743248462677,0.318386435508728
56,S5,LatCrit,local,local,0,local,local,0,0.5420502424240112,0.5423634052276611,0.00031316280364990234,0.0003666924312710762,0.018568336963653564,0.5420502424240112,0.5423634052276611,0.21987412869930267,0.2105899602174759,0.2380756139755249,0.24704661965370178
56,S5,ComHvy,local,local,0,local,local,0,0.5458328723907471,0.5232440233230591,-0.02258884906768799,0.006693843752145767,0.09765905141830444,0.5458328723907471,0.5232440233230591,0.22375614941120148,0.19751548767089844,0.23041094839572906,0.2792404890060425
56,S5,BWHvy,local,local,0,local,local,0,0.4351261258125305,0.42134976387023926,-0.01377636194229126,0.0024107564240694046,0.06290489435195923,0.4351261258125305,0.42134976387023926,0.28914016485214233,0.32059261202812195,0.27573370933532715,0.2580576241016388
56,S6,LatCrit,local,local,0,local,local,0,0.49797582626342773,0.4974716901779175,-0.0005041360855102539,5.391123704612255e-05,0.007835865020751953,0.49797582626342773,0.4974716901779175,0.28024718165397644,0.2841651141643524,0.22177696228027344,0.21836316585540771
56,S6,ComHvy,local,local,0,local,BS1,1,0.5337581634521484,0.5210722088813782,-0.012685954570770264,0.0010921955108642578,0.038622885942459106,0.5337581634521484,0.5210722088813782,0.2604895234107971,0.25386402010917664,0.20575232803821564,0.225063756108284
56,S6,BWHvy,local,local,0,local,local,0,0.48372918367385864,0.4932764768600464,0.009547293186187744,0.0027515292167663574,0.05949385464191437,0.48372918367385864,0.4932764768600464,0.26714274287223816,0.2873423993587494,0.2491280436515808,0.21938113868236542
56,S7,LatCrit,local,local,0,local,local,0,0.5095963478088379,0.4992637634277344,-0.010332584381103516,0.0011035837233066559,0.040770769119262695,0.5095963478088379,0.4992637634277344,0.23674041032791138,0.22668761014938354,0.25366321206092834,0.2740485966205597
56,S7,ComHvy,local,local,0,local,local,0,0.51671302318573,0.566500186920166,0.049787163734436035,0.006349408067762852,0.0995742678642273,0.51671302318573,0.566500186920166,0.22204679250717163,0.18317630887031555,0.261240154504776,0.2503235340118408
56,S7,BWHvy,local,local,0,local,local,0,0.5132287740707397,0.5280786752700806,0.01484990119934082,0.003289058804512024,0.06803148984909058,0.5132287740707397,0.5280786752700806,0.20491887629032135,0.2240847498178482,0.2818523347377777,0.2478366196155548
56,S8,LatCrit,local,local,0,local,local,0,0.49284547567367554,0.521817147731781,0.02897167205810547,0.0023563469294458628,0.057943373918533325,0.49284547567367554,0.521817147731781,0.24944160878658295,0.2228616327047348,0.2577129304409027,0.255321204662323
56,S8,ComHvy,local,local,0,local,local,0,0.4167289137840271,0.4367560148239136,0.020027101039886475,0.0009178519248962402,0.04005420207977295,0.4167289137840271,0.4367560148239136,0.31010809540748596,0.29426413774490356,0.27316296100616455,0.2689798176288605
56,S8,BWHvy,local,local,0,local,local,0,0.5278707146644592,0.5150453448295593,-0.012825369834899902,0.0004225103184580803,0.025650754570961,0.5278707146644592,0.5150453448295593,0.22499214112758636,0.22629988193511963,0.2471371293067932,0.25865477323532104
57,S1,LatCrit,local,local,0,local,local,0,0.5759662389755249,0.5619010329246521,-0.014065206050872803,0.0005230018869042397,0.028130382299423218,0.5759662389755249,0.5619010329246521,0.2200939804315567,0.2221810221672058,0.2039397954940796,0.2159179300069809
57,S1,ComHvy,local,local,0,local,local,0,0.49899572134017944,0.458551824092865,-0.04044389724731445,0.003309424966573715,0.08088777959346771,0.49899572134017944,0.458551824092865,0.26129332184791565,0.2796037197113037,0.2397109717130661,0.2618444561958313
57,S1,BWHvy,local,local,0,local,local,0,0.4615262746810913,0.4736139178276062,0.012087643146514893,0.000517500564455986,0.028582990169525146,0.4615262746810913,0.4736139178276062,0.23865127563476562,0.2408551275730133,0.29982244968414307,0.2855309545993805
57,S2,LatCrit,local,local,0,local,local,0,0.4475066661834717,0.47503525018692017,0.027528584003448486,0.004629859700798988,0.07719780504703522,0.4475066661834717,0.47503525018692017,0.2313544750213623,0.1927555650472641,0.321138858795166,0.33220916986465454
57,S2,ComHvy,local,local,0,local,local,0,0.5393811464309692,0.5083757638931274,-0.031005382537841797,0.0022810501977801323,0.062010765075683594,0.5393811464309692,0.5083757638931274,0.19583305716514587,0.21859443187713623,0.2647857964038849,0.27302980422973633
57,S2,BWHvy,local,local,0,local,local,0,0.41594231128692627,0.4129423499107361,-0.0029999613761901855,0.00024849362671375275,0.019577205181121826,0.41594231128692627,0.4129423499107361,0.27855074405670166,0.27176210284233093,0.30550694465637207,0.315295547246933
57,S3,LatCrit,BS1,BS1,0,local,local,0,0.37197089195251465,0.36507081985473633,-0.00690007209777832,0.00020768307149410248,0.01723998785018921,0.3660040497779846,0.36428409814834595,0.37197089195251465,0.36507081985473633,0.2620251178741455,0.2706450819969177
57,S3,ComHvy,local,BS1,1,local,local,0,0.36566054821014404,0.37313875555992126,0.007478207349777222,0.004619564861059189,0.08495616912841797,0.36566054821014404,0.35664552450180054,0.3306606709957123,0.37313875555992126,0.3036787807941437,0.2702157199382782
57,S3,BWHvy,local,local,0,local,BS1,1,0.5340538024902344,0.45409005880355835,-0.07996374368667603,0.012826535850763321,0.15992748737335205,0.5340538024902344,0.45409005880355835,0.2787044942378998,0.32602009177207947,0.18724168837070465,0.219889834523201
57,S4,LatCrit,local,local,0,local,local,0,0.5159817934036255,0.49291443824768066,-0.023067355155944824,0.00554121658205986,0.09058193862438202,0.5159817934036255,0.49291443824768066,0.2565597593784332,0.23433615267276764,0.2274584174156189,0.2727493941783905
57,S4,ComHvy,local,local,0,local,local,0,0.5277822017669678,0.5299884080886841,0.0022062063217163086,0.0005692783743143082,0.025233909487724304,0.5277822017669678,0.5299884080886841,0.21742047369480133,0.22783121466636658,0.2547973394393921,0.24218037724494934
57,S4,BWHvy,local,local,0,BS2,BS2,0,0.5332112312316895,0.4977063536643982,-0.03550487756729126,0.003171473741531372,0.07100982964038849,0.5332112312316895,0.4977063536643982,0.23529444634914398,0.23995649814605713,0.23149427771568298,0.26233717799186707
57,S5,LatCrit,local,local,0,local,local,0,0.5442150831222534,0.5394288301467896,-0.004786252975463867,0.001264946535229683,0.03768220543861389,0.5442150831222534,0.5394288301467896,0.19690358638763428,0.21574464440345764,0.2588813900947571,0.24482649564743042
57,S5,ComHvy,local,local,0,local,local,0,0.5383063554763794,0.51081383228302,-0.027492523193359375,0.002357924124225974,0.054985061287879944,0.5383063554763794,0.51081383228302,0.159855917096138,0.18361464142799377,0.3018377125263214,0.3055715262889862
57,S5,BWHvy,local,local,0,local,local,0,0.5087641477584839,0.4925416111946106,-0.01622253656387329,0.0034590326249599457,0.07112042605876923,0.5087641477584839,0.4925416111946106,0.25291767716407776,0.23357999324798584,0.23831818997859955,0.27387839555740356
57,S6,LatCrit,local,local,0,local,local,0,0.5883270502090454,0.5475373864173889,-0.040789663791656494,0.006388959474861622,0.09336589276790619,0.5883270502090454,0.5475373864173889,0.19530005753040314,0.24198299646377563,0.21637290716171265,0.21047961711883545
57,S6,ComHvy,local,local,0,local,local,0,0.48766016960144043,0.47535282373428345,-0.012307345867156982,0.0003182077780365944,0.024614661931991577,0.48766016960144043,0.47535282373428345,0.26943159103393555,0.27788862586021423,0.2429082691669464,0.24675855040550232
57,S6,BWHvy,local,local,0,local,local,0,0.4769209623336792,0.528427004814148,0.05150604248046875,0.006782372947782278,0.10301211476325989,0.4769209623336792,0.528427004814148,0.2882736027240753,0.24223338067531586,0.2348054200410843,0.2293395698070526
57,S7,LatCrit,local,local,0,local,local,0,0.5287320017814636,0.5161037445068359,-0.012628257274627686,0.0006434887181967497,0.029917985200881958,0.5287320017814636,0.5161037445068359,0.2235390543937683,0.23849806189537048,0.24772891402244568,0.24539819359779358
57,S7,ComHvy,local,local,0,local,local,0,0.556470513343811,0.5363608598709106,-0.02010965347290039,0.0009832708165049553,0.04021930694580078,0.556470513343811,0.5363608598709106,0.2272670865058899,0.23118451237678528,0.21626241505146027,0.23245464265346527
57,S7,BWHvy,local,local,0,local,local,0,0.5422673225402832,0.5256800651550293,-0.016587257385253906,0.0020874328911304474,0.05577497184276581,0.5422673225402832,0.5256800651550293,0.23557783663272858,0.26346534490585327,0.22215481102466583,0.21085460484027863
57,S8,LatCrit,local,local,0,local,local,0,0.3865134119987488,0.41254866123199463,0.02603524923324585,0.0015427717007696629,0.05207046866416931,0.3865134119987488,0.41254866123199463,0.34636950492858887,0.3255518078804016,0.26711705327033997,0.26189953088760376
57,S8,ComHvy,local,local,0,local,local,0,0.606048583984375,0.6068751811981201,0.0008265972137451172,0.0034615155309438705,0.05238454043865204,0.606048583984375,0.6068751811981201,0.1875554770231247,0.16136321425437927,0.2063959687948227,0.2317616492509842
57,S8,BWHvy,local,local,0,local,local,0,0.485412061214447,0.5011471509933472,0.015735089778900146,0.0006766859441995621,0.03147023916244507,0.485412061214447,0.5011471509933472,0.23967021703720093,0.23895612359046936,0.27491775155067444,0.2598966956138611
58,S1,LatCrit,local,local,0,local,local,0,0.505042314529419,0.5197007060050964,0.01465839147567749,0.0010437015444040298,0.04009731113910675,0.505042314529419,0.5197007060050964,0.2744008004665375,0.2543521523475647,0.22055687010288239,0.22594714164733887
58,S1,ComHvy,local,local,0,local,local,0,0.5516347885131836,0.5613272190093994,0.00969243049621582,0.003399614244699478,0.0632953941822052,0.5516347885131836,0.5613272190093994,0.19671466946601868,0.21866990625858307,0.2516506016254425,0.22000287473201752
58,S1,BWHvy,local,local,0,local,local,0,0.45715010166168213,0.48576676845550537,0.028616666793823242,0.0021276380866765976,0.05723334848880768,0.45715010166168213,0.48576676845550537,0.2889341711997986,0.2845335006713867,0.2539157271385193,0.22969971597194672
58,S2,LatCrit,local,local,0,local,local,0,0.6014248132705688,0.5897175073623657,-0.011707305908203125,0.00028605153784155846,0.02341461181640625,0.6014248132705688,0.5897175073623657,0.16819420456886292,0.17376217246055603,0.23038098216056824,0.23652032017707825
58,S2,ComHvy,local,local,0,local,local,0,0.5771732330322266,0.5936299562454224,0.0164567232131958,0.0014758594334125519,0.04238322377204895,0.5771732330322266,0.5936299562454224,0.22074469923973083,0.22547957301139832,0.202082097530365,0.18089047074317932
58,S2,BWHvy,local,local,0,local,local,0,0.4751088619232178,0.45025819540023804,-0.024850666522979736,0.0012557227164506912,0.049701303243637085,0.4751088619232178,0.45025819540023804,0.2753399610519409,0.2865336537361145,0.2495511770248413,0.2632081210613251
58,S3,LatCrit,local,local,0,local,local,0,0.4190558195114136,0.37469226121902466,-0.044363558292388916,0.008296092040836811,0.1189405620098114,0.4190558195114136,0.37469226121902466,0.2908729314804077,0.3503432273864746,0.2900712192058563,0.27496451139450073
58,S3,ComHvy,local,local,0,local,local,0,0.4992518424987793,0.4687163829803467,-0.030535459518432617,0.002534335944801569,0.061070919036865234,0.4992518424987793,0.4687163829803467,0.2699401080608368,0.3000117540359497,0.2308080643415451,0.2312718778848648
58,S3,BWHvy,local,local,0,local,local,0,0.5201960802078247,0.5410054922103882,0.020809412002563477,0.0009233420714735985,0.041618794202804565,0.5201960802078247,0.5410054922103882,0.24620138108730316,0.23210729658603668,0.23360252380371094,0.22688722610473633
58,S4,LatCrit,local,local,0,local,local,0,0.49316710233688354,0.47089123725891113,-0.022275865077972412,0.0024725981056690216,0.06183536350727081,0.49316710233688354,0.47089123725891113,0.26297909021377563,0.25433728098869324,0.24385379254817963,0.27477148175239563
58,S4,ComHvy,local,local,0,local,local,0,0.5121203660964966,0.5477616786956787,0.03564131259918213,0.0026324205100536346,0.07128259539604187,0.5121203660964966,0.5477616786956787,0.2667401432991028,0.24322505295276642,0.22113947570323944,0.20901328325271606
58,S4,BWHvy,local,local,0,local,local,0,0.5662072896957397,0.5569701194763184,-0.009237170219421387,0.000624561682343483,0.030632957816123962,0.5662072896957397,0.5569701194763184,0.17903470993041992,0.17295540869235992,0.25475797057151794,0.2700744569301605
58,S5,LatCrit,local,local,0,local,local,0,0.49589574337005615,0.5022072792053223,0.006311535835266113,0.0006650155410170555,0.03080606460571289,0.49589574337005615,0.5022072792053223,0.23038481175899506,0.2394763082265854,0.2737194299697876,0.25831639766693115
58,S5,ComHvy,local,local,0,local,local,0,0.5063462257385254,0.4656446576118469,-0.04070156812667847,0.003420734778046608,0.08140309154987335,0.5063462257385254,0.4656446576118469,0.19956202805042267,0.22132036089897156,0.2940917909145355,0.3130349814891815
58,S5,BWHvy,local,local,0,local,local,0,0.49649566411972046,0.4929521083831787,-0.003543555736541748,8.410168811678886e-05,0.010408222675323486,0.49649566411972046,0.4929521083831787,0.30427560210227966,0.30261504650115967,0.19922873377799988,0.20443284511566162
58,S6,LatCrit,local,local,0,local,local,0,0.40418797731399536,0.4116553068161011,0.007467329502105713,0.0012910282239317894,0.04547671973705292,0.40418797731399536,0.4116553068161011,0.36848971247673035,0.3457513451576233,0.22732234001159668,0.24259336292743683
58,S6,ComHvy,local,local,0,BS1,BS1,0,0.49790918827056885,0.4769890308380127,-0.020920157432556152,0.0034094564616680145,0.07109573483467102,0.49790918827056885,0.4769890308380127,0.2786133885383606,0.26398563385009766,0.22347745299339294,0.2590252757072449
58,S6,BWHvy,local,local,0,local,local,0,0.4439343810081482,0.5188406705856323,0.07490628957748413,0.012250315397977829,0.14981263875961304,0.4439343810081482,0.5188406705856323,0.3107500970363617,0.2832259237766266,0.2453155219554901,0.1979333460330963
58,S7,LatCrit,local,local,0,local,local,0,0.5407329797744751,0.5519779920578003,0.011245012283325195,0.0004859715700149536,0.025109142065048218,0.5407329797744751,0.5519779920578003,0.23612473905086517,0.2374342978000641,0.22314229607582092,0.21058772504329681
58,S7,ComHvy,local,local,0,local,local,0,0.4715690612792969,0.4275398850440979,-0.044029176235198975,0.005446832627058029,0.09069949388504028,0.4715690612792969,0.4275398850440979,0.24191667139530182,0.24059613049030304,0.2865142226219177,0.33186399936676025
58,S7,BWHvy,local,local,0,local,local,0,0.5750530958175659,0.5610669255256653,-0.013986170291900635,0.0007669768529012799,0.03001934289932251,0.5750530958175659,0.5610669255256653,0.18037480115890503,0.1953844428062439,0.24457213282585144,0.24354860186576843
58,S8,LatCrit,local,local,0,local,local,0,0.4020206928253174,0.38429778814315796,-0.017722904682159424,0.002972327172756195,0.07063084840774536,0.4020206928253174,0.38429778814315796,0.3196038007736206,0.30201125144958496,0.2783755362033844,0.3136909306049347
58,S8,ComHvy,local,local,0,local,local,0,0.6005080938339233,0.5919457674026489,-0.008562326431274414,0.0007133511826395988,0.02981710433959961,0.6005080938339233,0.5919457674026489,0.1910441517829895,0.2059527188539505,0.20844775438308716,0.20210154354572296
58,S8,BWHvy,local,local,0,local,local,0,0.43226516246795654,0.41731810569763184,-0.014947056770324707,0.0004689665511250496,0.029894143342971802,0.43226516246795654,0.41731810569763184,0.2916750907897949,0.3011741638183594,0.27605971693992615,0.2815077304840088
59,S1,LatCrit,local,local,0,local,local,0,0.5560871958732605,0.526488184928894,-0.029599010944366455,0.002080744132399559,0.059197962284088135,0.5560871958732605,0.526488184928894,0.2132987380027771,0.21856702864170074,0.2306140810251236,0.25494474172592163
59,S1,ComHvy,local,local,0,local,local,0,0.4343128800392151,0.4781363010406494,0.043823421001434326,0.00521196611225605,0.08764687180519104,0.4343128800392151,0.4781363010406494,0.2990204393863678,0.25784075260162354,0.2666666805744171,0.26402291655540466
59,S1,BWHvy,local,local,0,local,local,0,0.508056640625,0.5505995750427246,0.04254293441772461,0.003954287618398666,0.08508576452732086,0.508056640625,0.5505995750427246,0.2533162236213684,0.2394242286682129,0.23862706124782562,0.2099762260913849
59,S2,LatCrit,local,local,0,local,local,0,0.4705314040184021,0.4712027907371521,0.00067138671875,0.00019671069458127022,0.01485946774482727,0.4705314040184021,0.4712027907371521,0.23555125296115875,0.22812150418758392,0.29391732811927795,0.3006756603717804
59,S2,ComHvy,local,local,0,local,local,0,0.5561376810073853,0.5063496828079224,-0.04978799819946289,0.004973376169800758,0.0995759665966034,0.5561376810073853,0.5063496828079224,0.20655977725982666,0.22891628742218018,0.23730257153511047,0.26473402976989746
59,S2,BWHvy,local,local,0,BS2,local,1,0.4519089460372925,0.4885972738265991,0.03668832778930664,0.0029582721181213856,0.0733766257762909,0.4519089460372925,0.4885972738265991,0.3175354301929474,0.28848937153816223,0.23055560886859894,0.22291336953639984
59,S3,LatCrit,local,local,0,local,local,0,0.5138300657272339,0.5217725038528442,0.007942438125610352,0.0007805321365594864,0.03222973644733429,0.5138300657272339,0.5217725038528442,0.25607356429100037,0.26424601674079895,0.23009634017944336,0.213981494307518
59,S3,ComHvy,local,local,0,local,local,0,0.5888580679893494,0.6419265270233154,0.053068459033966064,0.007332544773817062,0.10613691806793213,0.5888580679893494,0.6419265270233154,0.24931642413139343,0.23099163174629211,0.1618255078792572,0.12708184123039246
59,S3,BWHvy,local,local,0,local,local,0,0.49644601345062256,0.4958873987197876,-0.0005586147308349609,6.70761801302433e-06,0.0030546337366104126,0.49644601345062256,0.4958873987197876,0.2558392882347107,0.2573666274547577,0.24771468341350555,0.2467460036277771
59,S4,LatCrit,local,local,0,local,local,0,0.4881713390350342,0.48226284980773926,-0.005908489227294922,0.0006116284057497978,0.02964496612548828,0.4881713390350342,0.48226284980773926,0.2593493163585663,0.25043532252311707,0.25247934460639954,0.2673018276691437
59,S4,ComHvy,local,local,0,local,local,0,0.5720095634460449,0.5797225832939148,0.007713019847869873,0.00066350307315588,0.027105078101158142,0.5720095634460449,0.5797225832939148,0.2503703832626343,0.2562099099159241,0.177620068192482,0.16406753659248352
59,S4,BWHvy,local,local,0,local,local,0,0.5291302800178528,0.5032854080200195,-0.025844871997833252,0.001370866782963276,0.05168968439102173,0.5291302800178528,0.5032854080200195,0.23701806366443634,0.25300735235214233,0.23385167121887207,0.24370719492435455
59,S5,LatCrit,local,local,0,local,local,0,0.4270239472389221,0.3679925799369812,-0.05903136730194092,0.008076850324869156,0.11806273460388184,0.4270239472389221,0.3679925799369812,0.28961697220802307,0.3353874087333679,0.2833590805530548,0.2966200113296509
59,S5,ComHvy,local,local,0,local,local,0,0.5711573362350464,0.5537135601043701,-0.01744377613067627,0.0013763464521616697,0.0419449657201767,0.5711573362350464,0.5537135601043701,0.19013476371765137,0.2111072540283203,0.23870785534381866,0.23517915606498718
59,S5,BWHvy,local,local,0,local,local,0,0.5549171566963196,0.5828670263290405,0.027949869632720947,0.001863881479948759,0.05589975416660309,0.5549171566963196,0.5828670263290405,0.20845471322536469,0.1881723403930664,0.23662815988063812,0.22896064817905426
59,S6,LatCrit,local,local,0,local,local,0,0.4458329677581787,0.43026965856552124,-0.01556330919265747,0.001477077603340149,0.047569334506988525,0.4458329677581787,0.43026965856552124,0.2442512810230255,0.26803597807884216,0.3099157214164734,0.301694393157959
59,S6,ComHvy,local,local,0,local,local,0,0.48781919479370117,0.4994496703147888,0.011630475521087646,0.00030671805143356323,0.0232609361410141,0.48781919479370117,0.4994496703147888,0.22680357098579407,0.22461055219173431,0.2853772044181824,0.2759397625923157
59,S6,BWHvy,local,local,0,local,local,0,0.5652399659156799,0.6475537419319153,0.08231377601623535,0.014561936259269714,0.1646275520324707,0.5652399659156799,0.6475537419319153,0.23828549683094025,0.18851499259471893,0.19647452235221863,0.1639312505722046
59,S7,LatCrit,local,local,0,local,local,0,0.48845696449279785,0.44706785678863525,-0.0413891077041626,0.003452952951192856,0.0827782154083252,0.48845696449279785,0.44706785678863525,0.2612946629524231,0.28129249811172485,0.25024837255477905,0.2716396450996399
59,S7,ComHvy,local,local,0,local,local,0,0.5210985541343689,0.4726196527481079,-0.048478901386260986,0.005791373550891876,0.09695783257484436,0.5210985541343689,0.4726196527481079,0.22541843354701996,0.23057503998279572,0.25348299741744995,0.29680532217025757
59,S7,BWHvy,local,local,0,local,local,0,0.5579327344894409,0.5347952246665955,-0.02313750982284546,0.0010850252583622932,0.04627501964569092,0.5579327344894409,0.5347952246665955,0.20342744886875153,0.21532782912254333,0.23863980174064636,0.2498769313097
59,S8,LatCrit,local,local,0,BS1,BS1,0,0.40006113052368164,0.4459725618362427,0.045911431312561035,0.005151947028934956,0.09182283282279968,0.40006113052368164,0.4459725618362427,0.31746771931648254,0.2784198224544525,0.2824711501598358,0.2756076455116272
59,S8,ComHvy,local,local,0,BS1,BS1,0,0.4012221097946167,0.3832646608352661,-0.017957448959350586,0.004099957644939423,0.08346971869468689,0.4012221097946167,0.3832646608352661,0.3044241964817047,0.28064680099487305,0.2943536937236786,0.3360885679721832
59,S8,BWHvy,local,local,0,local,local,0,0.4319242238998413,0.43734967708587646,0.005425453186035156,0.0003989189863204956,0.025651097297668457,0.4319242238998413,0.43734967708587646,0.22579094767570496,0.23319104313850403,0.34228482842445374,0.3294592797756195
60,S1,LatCrit,local,local,0,local,local,0,0.5776625871658325,0.6009021997451782,0.023239612579345703,0.0013656080700457096,0.04647921025753021,0.5776625871658325,0.6009021997451782,0.23794303834438324,0.21806997060775757,0.18439438939094543,0.1810278594493866
60,S1,ComHvy,local,local,0,BS1,local,1,0.4462553858757019,0.4655104875564575,0.019255101680755615,0.0017158854752779007,0.05047708749771118,0.4462553858757019,0.4655104875564575,0.2818753123283386,0.2878587543964386,0.2718692719936371,0.2466307282447815
60,S1,BWHvy,local,local,0,local,local,0,0.5438317656517029,0.5298237800598145,-0.014007985591888428,0.0011634454131126404,0.04049922525882721,0.5438317656517029,0.5298237800598145,0.24119484424591064,0.23495323956012726,0.21497337520122528,0.23522301018238068
60,S2,LatCrit,local,local,0,local,local,0,0.4618206024169922,0.47305846214294434,0.011237859725952148,0.0014489972963929176,0.045212164521217346,0.4618206024169922,0.47305846214294434,0.24803319573402405,0.22542710602283478,0.29014620184898376,0.3015144169330597
60,S2,ComHvy,local,local,0,local,local,0,0.48337072134017944,0.4903167486190796,0.0069460272789001465,0.00042683351784944534,0.024974003434181213,0.48337072134017944,0.4903167486190796,0.26483333110809326,0.2703742980957031,0.2517959475517273,0.2393089383840561
60,S2,BWHvy,local,local,0,local,local,0,0.43641436100006104,0.42231959104537964,-0.014094769954681396,0.0004345676861703396,0.028189539909362793,0.43641436100006104,0.42231959104537964,0.2833684980869293,0.2933608293533325,0.28021714091300964,0.28431957960128784
60,S3,LatCrit,local,local,0,BS2,BS2,0,0.47310900688171387,0.42366182804107666,-0.04944717884063721,0.007592350244522095,0.10778161883354187,0.47310900688171387,0.42366182804107666,0.25812193751335144,0.2536783218383789,0.2687690556049347,0.3226598799228668
60,S3,ComHvy,local,local,0,BS2,BS2,0,0.445645272731781,0.4377707839012146,-0.007874488830566406,0.00041890423744916916,0.027257263660430908,0.445645272731781,0.4377707839012146,0.33110177516937256,0.3447303771972656,0.22325299680233002,0.21749882400035858
60,S3,BWHvy,local,local,0,local,local,0,0.42866045236587524,0.38696974515914917,-0.041690707206726074,0.003708271309733391,0.08338141441345215,0.42866045236587524,0.38696974515914917,0.27365800738334656,0.28825169801712036,0.2976815402507782,0.32477855682373047
60,S4,LatCrit,local,local,0,local,local,0,0.49095791578292847,0.48785609006881714,-0.003101825714111328,8.533871732652187e-05,0.011006489396095276,0.49095791578292847,0.48785609006881714,0.22867317497730255,0.2341764271259308,0.2803689241409302,0.27796751260757446
60,S4,ComHvy,local,local,0,local,local,0,0.49877750873565674,0.4943368434906006,-0.004440665245056152,0.00048339739441871643,0.025848418474197388,0.49877750873565674,0.4943368434906006,0.24077579379081726,0.23229223489761353,0.2604467272758484,0.2733709216117859
60,S4,BWHvy,local,local,0,local,local,0,0.5472424030303955,0.5430697202682495,-0.004172682762145996,0.00020998530089855194,0.016842126846313477,0.5472424030303955,0.5430697202682495,0.22453586757183075,0.23295697569847107,0.22822168469429016,0.223973348736763
60,S5,LatCrit,local,local,0,local,local,0,0.5421550869941711,0.5702705383300781,0.028115451335906982,0.0017868950963020325,0.05623088777065277,0.5421550869941711,0.5702705383300781,0.21948392689228058,0.21205978095531464,0.23836097121238708,0.21766968071460724
60,S5,ComHvy,local,local,0,local,local,0,0.5270967483520508,0.5128694176673889,-0.014227330684661865,0.00041345832869410515,0.028454631567001343,0.5270967483520508,0.5128694176673889,0.23590858280658722,0.24442628026008606,0.2369946986436844,0.24270430207252502
60,S5,BWHvy,local,local,0,local,local,0,0.5662180185317993,0.559820294380188,-0.006397724151611328,0.004645761102437973,0.06990562379360199,0.5662180185317993,0.559820294380188,0.217660054564476,0.18910495936870575,0.21612192690372467,0.25107473134994507
60,S6,LatCrit,local,local,0,local,local,0,0.5838375091552734,0.5600975751876831,-0.023739933967590332,0.0012391656637191772,0.047479867935180664,0.5838375091552734,0.5600975751876831,0.20737649500370026,0.2146180123090744,0.2087859809398651,0.2252843976020813
60,S6,ComHvy,local,local,0,local,local,0,0.49342602491378784,0.4798696041107178,-0.013556420803070068,0.0006480850279331207,0.031136438250541687,0.49342602491378784,0.4798696041107178,0.24766947329044342,0.24565765261650085,0.25890451669692993,0.274472713470459
60,S6,BWHvy,local,local,0,local,local,0,0.4662312865257263,0.45863020420074463,-0.0076010823249816895,0.004649646580219269,0.07787582278251648,0.4662312865257263,0.45863020420074463,0.2603856325149536,0.22904878854751587,0.27338308095932007,0.3123209774494171
60,S7,LatCrit,local,local,0,local,local,0,0.49097388982772827,0.503462016582489,0.012488126754760742,0.000404472928494215,0.024976223707199097,0.49097388982772827,0.503462016582489,0.25191226601600647,0.2409980595111847,0.25711381435394287,0.2555399239063263
60,S7,ComHvy,local,local,0,BS2,BS2,0,0.4730067849159241,0.489987850189209,0.016981065273284912,0.0007158566731959581,0.03396211564540863,0.4730067849159241,0.489987850189209,0.24550361931324005,0.23176562786102295,0.28148961067199707,0.27824655175209045
60,S7,BWHvy,local,local,0,local,local,0,0.4849005937576294,0.46687495708465576,-0.018025636672973633,0.0008272062987089157,0.036051273345947266,0.4849005937576294,0.46687495708465576,0.2286432683467865,0.22974616289138794,0.2864561080932617,0.3033788502216339
60,S8,LatCrit,local,local,0,local,local,0,0.4468662738800049,0.4718332290649414,0.024966955184936523,0.0024810447357594967,0.06126677989959717,0.4468662738800049,0.4718332290649414,0.28894227743148804,0.25830888748168945,0.2641914486885071,0.26985788345336914
60,S8,ComHvy,local,local,0,local,local,0,0.5469167232513428,0.5708714723587036,0.02395474910736084,0.0011996673420071602,0.04790954291820526,0.5469167232513428,0.5708714723587036,0.20041431486606598,0.18723538517951965,0.25266900658607483,0.24189314246177673
60,S8,BWHvy,local,local,0,local,local,0,0.5461267828941345,0.5286974906921387,-0.01742929220199585,0.0023528896272182465,0.06034687161445618,0.5461267828941345,0.5286974906921387,0.19510991871356964,0.1823657602071762,0.25876328349113464,0.28893670439720154
61,S1,LatCrit,local,local,0,local,local,0,0.5475780963897705,0.5526236891746521,0.005045592784881592,0.0006480757147073746,0.028361350297927856,0.5475780963897705,0.5526236891746521,0.24222223460674286,0.22804157435894012,0.21019965410232544,0.21933475136756897
61,S1,ComHvy,local,local,0,local,local,0,0.5121788382530212,0.5383225083351135,0.026143670082092285,0.0017518922686576843,0.05228729546070099,0.5121788382530212,0.5383225083351135,0.2633809447288513,0.25832486152648926,0.22444020211696625,0.2033526599407196
61,S1,BWHvy,local,local,0,local,local,0,0.4487243890762329,0.47788774967193604,0.029163360595703125,0.001879665069282055,0.05832672119140625,0.4487243890762329,0.47788774967193604,0.2495957762002945,0.2299218326807022,0.3016798198223114,0.29219040274620056
61,S2,LatCrit,local,local,0,BS2,local,1,0.4525259733200073,0.4627200961112976,0.010194122791290283,0.00022457470186054707,0.020388245582580566,0.4525259733200073,0.4627200961112976,0.24632765352725983,0.23974163830280304,0.30114638805389404,0.29753828048706055
61,S2,ComHvy,local,local,0,local,local,0,0.5152668356895447,0.5085405111312866,-0.006726324558258057,0.0004462366923689842,0.026259765028953552,0.5152668356895447,0.5085405111312866,0.20684337615966797,0.20043982565402985,0.27788978815078735,0.2910196781158447
61,S2,BWHvy,local,local,0,local,local,0,0.48861128091812134,0.48542678356170654,-0.003184497356414795,0.0020238645374774933,0.048622921109199524,0.48861128091812134,0.48542678356170654,0.24438127875328064,0.22325430810451508,0.2670074701309204,0.2913189232349396
61,S3,LatCrit,local,local,0,local,local,0,0.5653396248817444,0.5630068778991699,-0.002332746982574463,0.0010788962244987488,0.03275984525680542,0.5653396248817444,0.5630068778991699,0.23451362550258636,0.2204664647579193,0.20014673471450806,0.21652667224407196
61,S3,ComHvy,local,local,0,local,local,0,0.5151766538619995,0.5298922657966614,0.014715611934661865,0.0012586358934640884,0.0409131795167923,0.5151766538619995,0.5298922657966614,0.25968480110168457,0.26542577147483826,0.2251385599374771,0.20468196272850037
61,S3,BWHvy,local,local,0,BS1,BS1,0,0.42053723335266113,0.4194676876068115,-0.0010695457458496094,0.00013513630256056786,0.013402998447418213,0.42053723335266113,0.4194676876068115,0.31021881103515625,0.30458688735961914,0.26924392580986023,0.2759454548358917
61,S4,LatCrit,local,local,0,local,local,0,0.43703949451446533,0.42484164237976074,-0.01219785213470459,0.00032652122899889946,0.024395734071731567,0.43703949451446533,0.42484164237976074,0.27026844024658203,0.2787109613418579,0.29269206523895264,0.29644742608070374
61,S4,ComHvy,local,local,0,local,local,0,0.531757116317749,0.5160560607910156,-0.0157010555267334,0.0023830514401197433,0.059482067823410034,0.531757116317749,0.5160560607910156,0.22662635147571564,0.21258637309074402,0.24161650240421295,0.27135753631591797
61,S4,BWHvy,local,local,0,local,BS1,1,0.5946344137191772,0.5918965339660645,-0.002737879753112793,0.0020053014159202576,0.042890191078186035,0.5946344137191772,0.5918965339660645,0.22244597971439362,0.24389109015464783,0.18291962146759033,0.1642124205827713
61,S5,LatCrit,local,local,0,local,local,0,0.47593462467193604,0.4587199091911316,-0.017214715480804443,0.00090437987819314,0.03509080410003662,0.47593462467193604,0.4587199091911316,0.2514003813266754,0.2689457833766937,0.27266499400138855,0.2723343074321747
61,S5,ComHvy,local,local,0,local,local,0,0.5343728065490723,0.5212379693984985,-0.01313483715057373,0.0009311344474554062,0.03169311583042145,0.5343728065490723,0.5212379693984985,0.155812606215477,0.17165914177894592,0.30981460213661194,0.30710285902023315
61,S5,BWHvy,local,local,0,local,local,0,0.5794500112533569,0.5974774360656738,0.018027424812316895,0.007345419377088547,0.09237374365329742,0.5794500112533569,0.5974774360656738,0.24229376018047333,0.19610688090324402,0.17825621366500854,0.20641565322875977
61,S6,LatCrit,local,local,0,local,local,0,0.5385076999664307,0.5722829103469849,0.0337752103805542,0.004627644084393978,0.07305562496185303,0.5385076999664307,0.5722829103469849,0.21027769148349762,0.17374984920024872,0.2512146532535553,0.2539672255516052
61,S6,ComHvy,local,local,0,local,local,0,0.5209583044052124,0.5238986015319824,0.0029402971267700195,0.0005716448649764061,0.025490298867225647,0.5209583044052124,0.5238986015319824,0.22147828340530396,0.20873315632343292,0.25756338238716125,0.26736825704574585
61,S6,BWHvy,local,local,0,local,local,0,0.4874172806739807,0.47833138704299927,-0.009085893630981445,0.004156190901994705,0.07374642789363861,0.4874172806739807,0.47833138704299927,0.2659037411212921,0.23811642825603485,0.24667897820472717,0.2835521996021271
61,S7,LatCrit,local,local,0,local,local,0,0.5012344121932983,0.5030050277709961,0.001770615577697754,0.00011530565097928047,0.01203930377960205,0.5012344121932983,0.5030050277709961,0.2635563313961029,0.26780542731285095,0.23520918190479279,0.22918958961963654
61,S7,ComHvy,local,local,0,local,local,0,0.5297695398330688,0.5033032894134521,-0.0264662504196167,0.0016464856453239918,0.05293259024620056,0.5297695398330688,0.5033032894134521,0.21399971842765808,0.2340359091758728,0.2562307119369507,0.2626608610153198
61,S7,BWHvy,local,local,0,local,local,0,0.5370603799819946,0.5238336324691772,-0.013226747512817383,0.0004856265150010586,0.027039021253585815,0.5370603799819946,0.5238336324691772,0.27679720520973206,0.29031673073768616,0.18614239990711212,0.1858496516942978
61,S8,LatCrit,local,local,0,BS1,BS1,0,0.40149325132369995,0.39863651990890503,-0.002856731414794922,4.503910895437002e-05,0.008515208959579468,0.40149325132369995,0.39863651990890503,0.2834698259830475,0.287727415561676,0.31503695249557495,0.31363606452941895
61,S8,ComHvy,local,local,0,local,local,0,0.5287168622016907,0.5505309104919434,0.021814048290252686,0.002325937617570162,0.05249607563018799,0.5287168622016907,0.5505309104919434,0.2037523239850998,0.1775042563676834,0.2675308287143707,0.27196478843688965
61,S8,BWHvy,local,local,0,local,local,0,0.473175585269928,0.48670244216918945,0.013526856899261475,0.0026672016829252243,0.06101591885089874,0.473175585269928,0.48670244216918945,0.2575656473636627,0.22705768048763275,0.2692587971687317,0.286239892244339
62,S1,LatCrit,local,local,0,local,local,0,0.4351118803024292,0.459966778755188,0.02485489845275879,0.0035184426233172417,0.07672145962715149,0.4351118803024292,0.459966778755188,0.3237536549568176,0.2853929400444031,0.2411344349384308,0.25464028120040894
62,S1,ComHvy,local,local,0,local,local,0,0.42320704460144043,0.45309245586395264,0.029885411262512207,0.003401774913072586,0.06578835844993591,0.42320704460144043,0.45309245586395264,0.32728907465934753,0.3302978575229645,0.24950385093688965,0.21660968661308289
62,S1,BWHvy,local,local,0,local,local,0,0.4676157236099243,0.46633756160736084,-0.0012781620025634766,0.0005613518878817558,0.025453373789787292,0.4676157236099243,0.46633756160736084,0.2985927164554596,0.28714418411254883,0.23379157483577728,0.24651825428009033
62,S2,LatCrit,local,local,0,local,local,0,0.496660053730011,0.43305784463882446,-0.06360220909118652,0.008235927671194077,0.12720446288585663,0.496660053730011,0.43305784463882446,0.21809588372707367,0.2409900724887848,0.28524401783943176,0.32595208287239075
62,S2,ComHvy,local,local,0,local,local,0,0.5015968084335327,0.4919124245643616,-0.009684383869171143,0.00019968533888459206,0.019368723034858704,0.5015968084335327,0.4919124245643616,0.27023786306381226,0.2772452235221863,0.2281653732061386,0.23084235191345215
62,S2,BWHvy,local,local,0,local,local,0,0.536956250667572,0.5383245348930359,0.0013682842254638672,0.0029289983212947845,0.05336059629917145,0.536956250667572,0.5383245348930359,0.2519330382347107,0.22525273263454437,0.2111106961965561,0.23642270267009735
62,S3,LatCrit,local,local,0,local,local,0,0.6412678956985474,0.6652219295501709,0.023954033851623535,0.010108940303325653,0.09536946564912796,0.6412678956985474,0.6652219295501709,0.1890312135219574,0.21276193857192993,0.16970084607601166,0.12201613932847977
62,S3,ComHvy,local,local,0,local,local,0,0.4721090793609619,0.4532855153083801,-0.018823564052581787,0.004911679774522781,0.08321775496006012,0.4721090793609619,0.4532855153083801,0.3195289373397827,0.29674363136291504,0.2083619385957718,0.24997082352638245
62,S3,BWHvy,local,local,0,local,local,0,0.4314091205596924,0.42243802547454834,-0.008971095085144043,0.0016312282532453537,0.0507391095161438,0.4314091205596924,0.42243802547454834,0.26761990785598755,0.2512214481830597,0.30097097158432007,0.32634052634239197
62,S4,LatCrit,local,local,0,local,local,0,0.44751715660095215,0.4239688515663147,-0.02354830503463745,0.0017643219325691462,0.0522538423538208,0.44751715660095215,0.4239688515663147,0.2903813421726227,0.3165082335472107,0.26210153102874756,0.2595228850841522
62,S4,ComHvy,local,local,0,local,local,0,0.42862290143966675,0.4697619080543518,0.04113900661468506,0.004792779218405485,0.0822780430316925,0.42862290143966675,0.4697619080543518,0.31017953157424927,0.269436240196228,0.26119759678840637,0.26080185174942017
62,S4,BWHvy,local,local,0,local,local,0,0.5074925422668457,0.4798392653465271,-0.027653276920318604,0.002223677933216095,0.056647807359695435,0.5074925422668457,0.4798392653465271,0.2328202724456787,0.2321496307849884,0.259687215089798,0.2880111038684845
62,S5,LatCrit,local,local,0,local,local,0,0.4955946207046509,0.45480090379714966,-0.04079371690750122,0.003813713788986206,0.08158744871616364,0.4955946207046509,0.45480090379714966,0.24590377509593964,0.25403082370758057,0.2585016191005707,0.29116830229759216
62,S5,ComHvy,local,local,0,local,local,0,0.5829629302024841,0.6060853004455566,0.02312237024307251,0.003579515963792801,0.062286511063575745,0.5829629302024841,0.6060853004455566,0.18282143771648407,0.1516781896352768,0.2342156320810318,0.24223652482032776
62,S5,BWHvy,local,local,0,local,local,0,0.4792199730873108,0.42171168327331543,-0.05750828981399536,0.006779463961720467,0.11501657962799072,0.4792199730873108,0.42171168327331543,0.2715919017791748,0.30618131160736084,0.2491881251335144,0.27210700511932373
62,S6,LatCrit,local,local,0,local,local,0,0.4747728705406189,0.4664881229400635,-0.00828474760055542,0.00024280603975057602,0.019358351826667786,0.4747728705406189,0.4664881229400635,0.2762327492237091,0.2859119176864624,0.2489943951368332,0.24759995937347412
62,S6,ComHvy,local,local,0,local,local,0,0.5354467630386353,0.5176948308944702,-0.01775193214416504,0.0010857973247766495,0.03955927491188049,0.5354467630386353,0.5176948308944702,0.2254403978586197,0.2234126627445221,0.23911283910274506,0.2588924467563629
62,S6,BWHvy,local,local,0,local,local,0,0.49437636137008667,0.4368131160736084,-0.05756324529647827,0.007490945048630238,0.11512650549411774,0.49437636137008667,0.4368131160736084,0.27528342604637146,0.32240527868270874,0.23034019768238068,0.24078160524368286
62,S7,LatCrit,local,local,0,local,local,0,0.5043371915817261,0.5106196403503418,0.006282448768615723,0.001416422426700592,0.04116329550743103,0.5043371915817261,0.5106196403503418,0.22226716578006744,0.20168547332286835,0.27339568734169006,0.2876948416233063
62,S7,ComHvy,local,local,0,local,local,0,0.5303966999053955,0.537995457649231,0.007598757743835449,0.00034148641861975193,0.02174931764602661,0.5303966999053955,0.537995457649231,0.23003962635993958,0.21916499733924866,0.23956364393234253,0.24283957481384277
62,S7,BWHvy,local,local,0,BS2,local,1,0.4545433521270752,0.4530666470527649,-0.0014767050743103027,0.00045031774789094925,0.023204103112220764,0.4545433521270752,0.4530666470527649,0.2319604605436325,0.2435625195503235,0.3134961724281311,0.3033708333969116
62,S8,LatCrit,local,local,0,local,local,0,0.531851053237915,0.524299144744873,-0.007551908493041992,0.0003908323124051094,0.023253262042999268,0.531851053237915,0.524299144744873,0.2531924545764923,0.24911770224571228,0.21495653688907623,0.22658313810825348
62,S8,ComHvy,local,local,0,local,local,0,0.4564509987831116,0.4848098158836365,0.028358817100524902,0.0016186917200684547,0.056717634201049805,0.4564509987831116,0.4848098158836365,0.2893049716949463,0.2754215598106384,0.25424399971961975,0.2397685945034027
62,S8,BWHvy,local,local,0,local,local,0,0.47497737407684326,0.4703517556190491,-0.0046256184577941895,0.0005266545340418816,0.027690008282661438,0.47497737407684326,0.4703517556190491,0.21042825281620026,0.20120888948440552,0.3145943582057953,0.3284393846988678
63,S1,LatCrit,local,local,0,local,local,0,0.5631521940231323,0.5187573432922363,-0.044394850730895996,0.004132453352212906,0.08878974616527557,0.5631521940231323,0.5187573432922363,0.23916591703891754,0.2567571997642517,0.19768184423446655,0.22448545694351196
63,S1,ComHvy,local,local,0,local,local,0,0.4406912326812744,0.4470667839050293,0.006375551223754883,0.0013038767501711845,0.043643951416015625,0.4406912326812744,0.4470667839050293,0.3592819273471832,0.3374599516391754,0.20002685487270355,0.21547327935695648
63,S1,BWHvy,local,local,0,local,local,0,0.4268331527709961,0.41696321964263916,-0.009869933128356934,0.0005109584890305996,0.028941988945007324,0.4268331527709961,0.41696321964263916,0.28268852829933167,0.2971595227718353,0.29047831892967224,0.2858772575855255
63,S2,LatCrit,local,local,0,local,local,0,0.5022627115249634,0.458379864692688,-0.04388284683227539,0.0040435791015625,0.087765634059906,0.5022627115249634,0.458379864692688,0.25199002027511597,0.26694074273109436,0.24574729800224304,0.27467936277389526
63,S2,ComHvy,local,local,0,local,local,0,0.557422399520874,0.5124927163124084,-0.044929683208465576,0.004054108634591103,0.08985939621925354,0.557422399520874,0.5124927163124084,0.19198690354824066,0.2123265117406845,0.2505906820297241,0.27518078684806824
63,S2,BWHvy,local,local,0,local,local,0,0.4642367362976074,0.48438018560409546,0.020143449306488037,0.002165563404560089,0.05767717957496643,0.4642367362976074,0.48438018560409546,0.2799026668071747,0.2510640621185303,0.2558606266975403,0.26455575227737427
63,S3,LatCrit,local,local,0,local,local,0,0.4991474747657776,0.5151815414428711,0.016034066677093506,0.028018444776535034,0.17302943766117096,0.4991474747657776,0.5151815414428711,0.2471996247768402,0.317680299282074,0.2536528706550598,0.16713817417621613
63,S3,ComHvy,BS1,BS1,0,local,local,0,0.38984325528144836,0.39468827843666077,0.004845023155212402,0.0003141765482723713,0.0231514573097229,0.3395528197288513,0.3279770612716675,0.38984325528144836,0.39468827843666077,0.2706039249897003,0.277334600687027
63,S3,BWHvy,local,local,0,local,local,0,0.5927505493164062,0.5402997136116028,-0.05245083570480347,0.005599673837423325,0.10490170121192932,0.5927505493164062,0.5402997136116028,0.21275202929973602,0.23791363835334778,0.19449737668037415,0.22178663313388824
63,S4,LatCrit,local,local,0,local,local,0,0.5304953455924988,0.5591708421707153,0.028675496578216553,0.0016942638903856277,0.05735103785991669,0.5304953455924988,0.5591708421707153,0.26402756571769714,0.25049063563346863,0.20547710359096527,0.19033849239349365
63,S4,ComHvy,local,local,0,BS2,BS2,0,0.3662841320037842,0.41346263885498047,0.04717850685119629,0.005335882306098938,0.09435701370239258,0.3662841320037842,0.41346263885498047,0.29089823365211487,0.2556726932525635,0.34281766414642334,0.33086469769477844
63,S4,BWHvy,local,local,0,local,local,0,0.5532711744308472,0.5523370504379272,-0.0009341239929199219,0.00204424187541008,0.04321815073490143,0.5532711744308472,0.5523370504379272,0.2654358744621277,0.2447609156370163,0.18129299581050873,0.20290206372737885
63,S5,LatCrit,local,local,0,local,local,0,0.48710960149765015,0.4324986934661865,-0.05461090803146362,0.006126163527369499,0.10922183096408844,0.48710960149765015,0.4324986934661865,0.2637178301811218,0.2862303853034973,0.24917258322238922,0.28127095103263855
63,S5,ComHvy,local,local,0,local,local,0,0.5753912329673767,0.570151686668396,-0.005239546298980713,0.00550369918346405,0.07306371629238129,0.5753912329673767,0.570151686668396,0.19001053273677826,0.15871822834014893,0.23459824919700623,0.27113011479377747
63,S5,BWHvy,local,local,0,local,local,0,0.4885209798812866,0.4784930348396301,-0.010027945041656494,0.0029693059623241425,0.06425052881240845,0.4885209798812866,0.4784930348396301,0.3094630241394043,0.3415882885456085,0.20201599597930908,0.17991867661476135
63,S6,LatCrit,local,local,0,local,local,0,0.524810791015625,0.5242906212806702,-0.000520169734954834,0.0007933555170893669,0.027960240840911865,0.524810791015625,0.5242906212806702,0.22345556318759918,0.23743568360805511,0.2517336308956146,0.23827368021011353
63,S6,ComHvy,local,local,0,local,local,0,0.5839405059814453,0.5477008819580078,-0.0362396240234375,0.003696378320455551,0.07247929275035858,0.5839405059814453,0.5477008819580078,0.22370003163814545,0.22727401554584503,0.19235944747924805,0.22502513229846954
63,S6,BWHvy,BS2,BS1,1,BS1,BS1,0,0.33474084734916687,0.38409724831581116,0.04935640096664429,0.011764571070671082,0.13535213470458984,0.33085060119628906,0.3488379716873169,0.33440855145454407,0.38409724831581116,0.33474084734916687,0.26706477999687195
63,S7,LatCrit,local,local,0,local,local,0,0.524660587310791,0.5128304362297058,-0.011830151081085205,0.00029775965958833694,0.023660361766815186,0.524660587310791,0.5128304362297058,0.23991461098194122,0.24379175901412964,0.23542475700378418,0.24337781965732574
63,S7,ComHvy,local,local,0,BS1,local,1,0.596716046333313,0.591318666934967,-0.005397379398345947,0.00031217653304338455,0.01977120339870453,0.596716046333313,0.591318666934967,0.20412874221801758,0.19964051246643066,0.19915519654750824,0.2090407907962799
63,S7,BWHvy,local,local,0,local,local,0,0.5189833045005798,0.5287326574325562,0.009749352931976318,0.0018963459879159927,0.04978947341442108,0.5189833045005798,0.5287326574325562,0.2314600646495819,0.24660544097423553,0.24955666065216064,0.2246619164943695
63,S8,LatCrit,local,local,0,local,local,0,0.5240640044212341,0.5320267677307129,0.00796276330947876,0.0008799601346254349,0.03490762412548065,0.5240640044212341,0.5320267677307129,0.21843941509723663,0.2279304713010788,0.25749659538269043,0.2400427907705307
63,S8,ComHvy,local,local,0,local,local,0,0.5077425837516785,0.49976301193237305,-0.00797957181930542,0.0009898506104946136,0.03687402606010437,0.5077425837516785,0.49976301193237305,0.26718568801879883,0.25672823190689087,0.2250717580318451,0.24350875616073608
63,S8,BWHvy,local,local,0,BS2,BS2,0,0.46784543991088867,0.45970332622528076,-0.00814211368560791,0.0005577853880822659,0.029701024293899536,0.46784543991088867,0.45970332622528076,0.26565372943878174,0.2805042266845703,0.2665008306503296,0.25979241728782654
